Species Strain Condition Line Genotype RSS r2 rmax rmax_se topt topt_se ctmin ctmin_se ctmax ctmax_se tolerance breadth An_rmax An_topt An_ctmax An_ctmin An_tolerance An_breadth rmax_rel topt_rel ctmax_rel ctmin_rel tolerance_rel breadth_rel
Se Se-1 Ancestral Ancestral Ancestral 0.002 0.994 0.468 0.025 30.314 0.9 5.808 3.415 35.022 0.645 29.214 7.629 0.468 30.314 35.022 5.808 29.214 7.629 0 0 0 0 0 0
Se Se-1 Control 1 I1 6.781e-06 0.999 0.396 0.002 27.619 0.113 5.981 0.439 36.554 0.12 30.573 10.16 0.468 30.314 35.022 5.808 29.214 7.629 -0.072 -2.695 1.532 0.173 1.359 2.531
Se Se-1 Control 1 I2 0.003 0.949 0.378 0.024 28.429 1.253 7.77 4.907 36.694 1.746 28.924 9.53 0.468 30.314 35.022 5.808 29.214 7.629 -0.09 -1.885 1.672 1.962 -0.289999999999999 1.901
Se Se-1 Control 1 I3 0.002 0.961 0.388 0.021 28.24 1.086 7.049 4.443 36.429 1.327 29.38 9.555 0.468 30.314 35.022 5.808 29.214 7.629 -0.08 -2.074 1.407 1.241 0.166 1.926
Se Se-1 Control 2 I1 0.002 0.957 0.369 0.021 28.678 1.183 6.503 5.149 37.163 2.03 30.66 9.949 0.468 30.314 35.022 5.808 29.214 7.629 -0.099 -1.636 2.141 0.695 1.446 2.32
Se Se-1 Control 2 I2 0.002 0.955 0.382 0.023 28.507 1.172 7.303 4.687 36.531 1.551 29.228 9.482 0.468 30.314 35.022 5.808 29.214 7.629 -0.086 -1.807 1.509 1.495 0.0140000000000029 1.853
Se Se-1 Control 2 I3 0.002 0.952 0.38 0.023 28.499 1.222 6.98 5.015 36.61 1.665 29.63 9.598 0.468 30.314 35.022 5.808 29.214 7.629 -0.088 -1.815 1.588 1.172 0.416 1.969
Se Se-1 Control 3 I1 0.003 0.947 0.383 0.025 28.401 1.274 6.61 5.277 36.205 1.447 29.595 9.423 0.468 30.314 35.022 5.808 29.214 7.629 -0.085 -1.913 1.183 0.802 0.381 1.794
Se Se-1 Control 3 I2 0.002 0.968 0.384 0.019 28.682 0.988 6.187 4.138 36.093 1.107 29.906 9.271 0.468 30.314 35.022 5.808 29.214 7.629 -0.084 -1.632 1.07100000000001 0.379 0.692 1.642
Se Se-1 Control 3 I3 0.002 0.956 0.384 0.023 28.725 1.162 5.951 4.929 36.093 1.31 30.142 9.285 0.468 30.314 35.022 5.808 29.214 7.629 -0.084 -1.589 1.07100000000001 0.143 0.928000000000001 1.656
Se Se-1 Control 4 I1 0.002 0.945 0.368 0.024 29.271 1.404 4.012 7.099 37.319 2.879 33.307 10.209 0.468 30.314 35.022 5.808 29.214 7.629 -0.1 -1.043 2.297 -1.796 4.093 2.58
Se Se-1 Control 4 I2 0.0001284 0.997 0.391 0.007 28.284 0.458 4.576 1.912 36.131 0.46 31.555 9.789 0.468 30.314 35.022 5.808 29.214 7.629 -0.077 -2.03 1.109 -1.232 2.341 2.16
Se Se-1 Control 4 I3 0.001 0.967 0.377 0.019 29.232 1.055 4.777 4.931 36.841 1.801 32.064 9.752 0.468 30.314 35.022 5.808 29.214 7.629 -0.091 -1.082 1.819 -1.031 2.85 2.123
Se Se-1 Treatment 1 I1 0.003 0.926 0.343 0.026 28.818 1.573 5.878 7.035 37.031 2.648 31.153 9.893 0.468 30.314 35.022 5.808 29.214 7.629 -0.125 -1.496 2.009 0.0700000000000003 1.939 2.264
Se Se-1 Treatment 1 I2 0.002 0.959 0.339 0.019 28.271 1.137 8.422 4.568 37.724 2.149 29.302 10.154 0.468 30.314 35.022 5.808 29.214 7.629 -0.129 -2.043 2.702 2.614 0.088000000000001 2.525
Se Se-1 Treatment 1 I3 0.003 0.93 0.351 0.028 28.405 1.501 8.901 5.712 37.516 2.741 28.615 9.875 0.468 30.314 35.022 5.808 29.214 7.629 -0.117 -1.909 2.494 3.093 -0.599 2.246
Se Se-1 Treatment 2 I1 0.001 0.968 0.321 0.016 29.176 1.022 4.47 4.739 36.468 1.477 31.998 9.57 0.468 30.314 35.022 5.808 29.214 7.629 -0.147 -1.138 1.44600000000001 -1.338 2.784 1.941
Se Se-1 Treatment 2 I2 0.001 0.961 0.319 0.018 29.149 1.161 5.469 5.586 37.713 2.625 32.244 10.269 0.468 30.314 35.022 5.808 29.214 7.629 -0.149 -1.165 2.691 -0.339 3.03 2.64
Se Se-1 Treatment 2 I3 0.0001132 0.994 0.33 0.008 27.853 0.524 16.741 2.679 38.965 0.934 22.224 9.94 0.468 30.314 35.022 5.808 29.214 7.629 -0.138 -2.461 3.943 10.933 -6.99 2.311
Se Se-1 Treatment 3 I1 0.003 0.928 0.322 0.025 28.704 1.559 8.046 6.67 38.296 3.74 30.25 10.404 0.468 30.314 35.022 5.808 29.214 7.629 -0.146 -1.61 3.274 2.238 1.036 2.775
Se Se-1 Treatment 3 I2 0.003 0.918 0.319 0.027 28.811 1.685 7.886 7.332 38.368 4.217 30.482 10.423 0.468 30.314 35.022 5.808 29.214 7.629 -0.149 -1.503 3.346 2.078 1.268 2.794
Se Se-1 Treatment 3 I3 0.003 0.916 0.308 0.027 29.064 1.724 7.441 8.55 39.495 5.916 32.054 11.04 0.468 30.314 35.022 5.808 29.214 7.629 -0.16 -1.25 4.473 1.633 2.84 3.411
Se Se-1 Treatment 4 I1 0.0003003 0.991 0.283 0.011 30.808 0.617 5.258 2.432 35.395 0.723 30.137 7.68 0.468 30.314 35.022 5.808 29.214 7.629 -0.185 0.494 0.373000000000005 -0.55 0.923000000000002 0.0510000000000002
Se Se-1 Treatment 4 I2 0.002 0.929 0.314 0.024 29.016 1.574 7.056 7.855 39.276 5.107 32.22 11.087 0.468 30.314 35.022 5.808 29.214 7.629 -0.154 -1.298 4.254 1.248 3.006 3.458
Se Se-1 Treatment 4 I3 0.001 0.95 0.301 0.018 28.912 1.321 5.642 6.54 38.175 3.225 32.533 10.667 0.468 30.314 35.022 5.808 29.214 7.629 -0.167 -1.402 3.153 -0.165999999999999 3.319 3.038
Se Se-2 Ancestral Ancestral Ancestral 0.0005217 0.991 0.294 0.013 24.062 0.796 0.282 7.442 32.536 0.609 32.254 10.222 0.294 24.062 32.536 0.282 32.254 10.222 0 0 0 0 0 0
Se Se-2 Control 1 I1 7.704e-32 1 0.336 1.824e-16 24.192 7.981e-15 7.925 4.201e-14 30.965 1.681e-14 23.04 7.665 0.294 24.062 32.536 0.282 32.254 10.222 0.042 0.129999999999999 -1.571 7.643 -9.214 -2.557
Se Se-2 Control 1 I2 1.088e-06 1 0.322 0.0006059 23.621 0.02 8.267 0.108 31.002 0.007 22.735 7.922 0.294 24.062 32.536 0.282 32.254 10.222 0.028 -0.441000000000003 -1.534 7.985 -9.519 -2.3
Se Se-2 Control 1 I3 1.387e-32 1 0.333 7.567e-17 23.533 2.655e-15 10.18 1.07e-14 29.911 3.064e-15 19.731 6.892 0.294 24.062 32.536 0.282 32.254 10.222 0.039 -0.529 -2.625 9.898 -12.523 -3.33
Se Se-2 Control 2 I1 3.775e-32 1 0.323 1.278e-16 23.814 4.866e-15 10.197 2.096e-14 30.898 9.142e-15 20.701 7.366 0.294 24.062 32.536 0.282 32.254 10.222 0.029 -0.248000000000001 -1.638 9.915 -11.553 -2.856
Se Se-2 Control 2 I2 1.978e-05 1 0.33 0.002 22.874 0.081 12.991 0.313 31.013 0.038 18.022 7.431 0.294 24.062 32.536 0.282 32.254 10.222 0.036 -1.188 -1.523 12.709 -14.232 -2.791
Se Se-2 Control 2 I3 2.597e-05 1 0.322 0.003 23.657 0.095 10.381 0.39 31.009 0.037 20.628 7.499 0.294 24.062 32.536 0.282 32.254 10.222 0.028 -0.405000000000001 -1.527 10.099 -11.626 -2.723
Se Se-2 Control 3 I1 2.716e-32 1 0.309 1.077e-16 23.543 4.066e-15 10.845 1.629e-14 30.662 6.635e-15 19.817 7.256 0.294 24.062 32.536 0.282 32.254 10.222 0.015 -0.519000000000002 -1.874 10.563 -12.437 -2.966
Se Se-2 Control 3 I2 2.716e-32 1 0.309 1.077e-16 23.543 4.066e-15 10.845 1.629e-14 30.662 6.635e-15 19.817 7.256 0.294 24.062 32.536 0.282 32.254 10.222 0.015 -0.519000000000002 -1.874 10.563 -12.437 -2.966
Se Se-2 Control 3 I3 0.0006358 0.993 0.334 0.014 23.385 0.447 11.604 1.641 31.053 0.197 19.449 7.438 0.294 24.062 32.536 0.282 32.254 10.222 0.04 -0.677 -1.483 11.322 -12.805 -2.784
Se Se-2 Control 4 I1 9.707e-32 1 0.322 2.037e-16 23.312 7.197e-15 11.369 2.794e-14 30.64 1.122e-14 19.271 7.226 0.294 24.062 32.536 0.282 32.254 10.222 0.028 -0.75 -1.896 11.087 -12.983 -2.996
Se Se-2 Control 4 I2 1.192e-05 1 0.342 0.002 23.214 0.058 12.577 0.194 31.009 0.027 18.432 7.303 0.294 24.062 32.536 0.282 32.254 10.222 0.048 -0.848000000000003 -1.527 12.295 -13.822 -2.919
Se Se-2 Control 4 I3 0.0001804 0.998 0.332 0.007 23.498 0.235 11.666 0.836 31.027 0.102 19.361 7.376 0.294 24.062 32.536 0.282 32.254 10.222 0.038 -0.564 -1.509 11.384 -12.893 -2.846
Se Se-2 Treatment 1 I1 4.461e-05 0.999 0.279 0.003 25.48 0.171 -0.77 1.542 34.006 0.053 34.776 10.747 0.294 24.062 32.536 0.282 32.254 10.222 -0.015 1.418 1.47 -1.052 2.52200000000001 0.525
Se Se-2 Treatment 1 I2 0.0008645 0.985 0.291 0.014 26.104 0.675 6.087 3.487 34.021 0.231 27.934 9.141 0.294 24.062 32.536 0.282 32.254 10.222 -0.003 2.042 1.485 5.805 -4.32 -1.081
Se Se-2 Treatment 1 I3 1.849e-32 1 0.282 1.045e-16 26.232 1.124e-14 3.578 5.256e-14 33.286 1.277e-14 29.708 9.039 0.294 24.062 32.536 0.282 32.254 10.222 -0.012 2.17 0.75 3.296 -2.546 -1.183
Se Se-2 Treatment 2 I1 0.0006263 0.987 0.261 0.012 26.149 0.607 9.51 2.289 34.015 0.231 24.505 8.466 0.294 24.062 32.536 0.282 32.254 10.222 -0.033 2.087 1.479 9.228 -7.749 -1.756
Se Se-2 Treatment 2 I2 0.000742 0.981 0.233 0.013 26.878 0.767 4.725 4.15 34.011 0.218 29.286 8.997 0.294 24.062 32.536 0.282 32.254 10.222 -0.061 2.816 1.475 4.443 -2.968 -1.225
Se Se-2 Treatment 2 I3 4.391e-32 1 0.275 1.649e-16 27.169 1.836e-14 -1.056 1.798e-13 32.216 1.628e-14 33.272 8.465 0.294 24.062 32.536 0.282 32.254 10.222 -0.019 3.107 -0.32 -1.338 1.018 -1.757
Se Se-2 Treatment 3 I1 0.0002934 0.996 0.32 0.008 27.489 0.35 4.41 1.86 34.002 0.085 29.592 8.769 0.294 24.062 32.536 0.282 32.254 10.222 0.026 3.427 1.466 4.128 -2.662 -1.453
Se Se-2 Treatment 3 I2 0.001 0.981 0.326 0.018 26.281 0.76 6.312 3.799 34.015 0.254 27.703 9.021 0.294 24.062 32.536 0.282 32.254 10.222 0.032 2.219 1.479 6.03 -4.551 -1.201
Se Se-2 Treatment 3 I3 0.002 0.981 0.346 0.019 26.309 0.749 8.31 3.136 34.041 0.271 25.731 8.651 0.294 24.062 32.536 0.282 32.254 10.222 0.052 2.247 1.505 8.028 -6.523 -1.571
Se Se-2 Treatment 4 I1 0.0004934 0.99 0.273 0.012 27.1 0.936 3.536 4.705 32.757 1.106 29.221 8.179 0.294 24.062 32.536 0.282 32.254 10.222 -0.021 3.038 0.220999999999997 3.254 -3.033 -2.043
Se Se-2 Treatment 4 I2 4.623e-06 1 0.272 0.001 26.216 0.092 3.905 0.524 33.609 0.137 29.704 9.214 0.294 24.062 32.536 0.282 32.254 10.222 -0.022 2.154 1.073 3.623 -2.55 -1.008
Se Se-2 Treatment 4 I3 9.668e-05 0.998 0.273 0.006 27.438 0.432 2.619 2.068 32.188 0.366 29.569 7.733 0.294 24.062 32.536 0.282 32.254 10.222 -0.021 3.376 -0.347999999999999 2.337 -2.685 -2.489
Su Su-1 Ancestral Ancestral Ancestral 0.002 0.978 0.438 0.02 29.255 0.685 4.834 3.267 33.91 0.457 29.076 7.565 0.438 29.255 33.91 4.834 29.076 7.565 0 0 0 0 0 0
Su Su-1 Control 1 I1 0.002 0.976 0.443 0.022 28.717 0.693 7.109 2.961 33.958 0.459 26.849 7.558 0.438 29.255 33.91 4.834 29.076 7.565 0.005 -0.538 0.0480000000000018 2.275 -2.227 -0.00700000000000056
Su Su-1 Control 1 I2 0.001 0.983 0.415 0.016 28.745 0.589 5.875 2.662 34.211 0.484 28.336 7.935 0.438 29.255 33.91 4.834 29.076 7.565 -0.023 -0.509999999999998 0.301000000000002 1.041 -0.740000000000002 0.369999999999999
Su Su-1 Control 1 I3 0.0005119 0.992 0.416 0.011 28.878 0.397 5.364 1.854 34.023 0.281 28.659 7.786 0.438 29.255 33.91 4.834 29.076 7.565 -0.022 -0.376999999999999 0.113000000000007 0.53 -0.417000000000002 0.220999999999999
Su Su-1 Control 2 I1 0.001 0.984 0.426 0.017 29.279 0.581 3.433 3.05 33.516 0.225 30.083 7.452 0.438 29.255 33.91 4.834 29.076 7.565 -0.012 0.0240000000000009 -0.393999999999998 -1.401 1.007 -0.113
Su Su-1 Control 2 I2 0.001 0.983 0.425 0.017 29.17 0.595 4.671 2.88 33.862 0.371 29.191 7.597 0.438 29.255 33.91 4.834 29.076 7.565 -0.013 -0.0849999999999973 -0.0479999999999947 -0.162999999999999 0.114999999999998 0.032
Su Su-1 Control 2 I3 0.002 0.975 0.429 0.021 28.927 0.703 4.949 3.431 33.71 0.356 28.761 7.58 0.438 29.255 33.91 4.834 29.076 7.565 -0.00900000000000001 -0.327999999999999 -0.199999999999996 0.115 -0.315000000000001 0.0149999999999997
Su Su-1 Control 3 I1 0.001 0.986 0.396 0.018 28.433 0.52 5.846 2.643 33.235 0.134 27.389 7.416 0.438 29.255 33.91 4.834 29.076 7.565 -0.042 -0.821999999999999 -0.674999999999997 1.012 -1.687 -0.149
Su Su-1 Control 3 I2 0.001 0.98 0.387 0.017 28.842 0.619 4.3 3.21 33.524 0.24 29.224 7.594 0.438 29.255 33.91 4.834 29.076 7.565 -0.051 -0.413 -0.385999999999996 -0.534 0.148 0.0289999999999999
Su Su-1 Control 3 I3 0.001 0.979 0.42 0.018 29.48 0.669 3.838 3.318 33.794 0.403 29.956 7.524 0.438 29.255 33.91 4.834 29.076 7.565 -0.018 0.225000000000001 -0.116 -0.996 0.879999999999999 -0.0410000000000004
Su Su-1 Control 4 I1 0.001 0.992 0.468 0.065 29.549 1.24 3.375 4.354 31.832 2.205 28.457 5.825 0.438 29.255 33.91 4.834 29.076 7.565 0.03 0.294 -2.078 -1.459 -0.619 -1.74
Su Su-1 Control 4 I2 0.001 0.984 0.429 0.016 29.059 0.571 5.109 2.686 34.065 0.432 28.956 7.748 0.438 29.255 33.91 4.834 29.076 7.565 -0.00900000000000001 -0.195999999999998 0.155000000000001 0.275 -0.120000000000001 0.183
Su Su-1 Control 4 I3 0.001 0.983 0.431 0.017 29.283 0.608 5.077 2.845 34.047 0.47 28.97 7.621 0.438 29.255 33.91 4.834 29.076 7.565 -0.00700000000000001 0.0280000000000022 0.137 0.243 -0.106000000000002 0.056
Su Su-1 Treatment 1 I1 0.001 0.979 0.401 0.018 29.998 0.725 3.507 3.524 34.006 0.636 30.499 7.336 0.438 29.255 33.91 4.834 29.076 7.565 -0.037 0.743000000000002 0.0960000000000036 -1.327 1.423 -0.229
Su Su-1 Treatment 1 I2 0.0005733 0.989 0.387 0.012 29.681 0.491 3.953 2.384 33.992 0.39 30.039 7.505 0.438 29.255 33.91 4.834 29.076 7.565 -0.051 0.426000000000002 0.0820000000000007 -0.881 0.963000000000001 -0.0600000000000005
Su Su-1 Treatment 1 I3 0.001 0.975 0.384 0.019 29.59 0.787 4.927 3.694 34.437 0.917 29.51 7.785 0.438 29.255 33.91 4.834 29.076 7.565 -0.054 0.335000000000001 0.527000000000001 0.093 0.434000000000001 0.22
Su Su-1 Treatment 2 I1 0.0008289 0.981 0.357 0.017 30.304 0.722 2.615 4.399 35.539 2.189 32.924 8.147 0.438 29.255 33.91 4.834 29.076 7.565 -0.081 1.049 1.629 -2.219 3.848 0.582
Su Su-1 Treatment 2 I2 0.0007003 0.984 0.36 0.017 30.655 0.668 1.257 4.214 35.083 1.881 33.826 7.744 0.438 29.255 33.91 4.834 29.076 7.565 -0.078 1.4 1.173 -3.577 4.75 0.178999999999999
Su Su-1 Treatment 2 I3 3.888e-06 1 0.364 0.002 30.005 0.073 6.797 0.52 35.669 0.203 28.872 7.966 0.438 29.255 33.91 4.834 29.076 7.565 -0.074 0.75 1.759 1.963 -0.204000000000001 0.401
Su Su-1 Treatment 3 I1 0.001 0.974 0.389 0.021 30.2 0.845 3.225 4.149 34.12 0.896 30.895 7.344 0.438 29.255 33.91 4.834 29.076 7.565 -0.049 0.945 0.210000000000001 -1.609 1.819 -0.221
Su Su-1 Treatment 3 I2 0.001 0.981 0.387 0.017 30.034 0.698 3.965 3.368 34.234 0.781 30.269 7.434 0.438 29.255 33.91 4.834 29.076 7.565 -0.051 0.779 0.324000000000005 -0.869 1.193 -0.131
Su Su-1 Treatment 3 I3 0.001 0.975 0.377 0.018 29.696 0.783 3.598 3.875 34.275 0.819 30.677 7.776 0.438 29.255 33.91 4.834 29.076 7.565 -0.061 0.441000000000003 0.365000000000002 -1.236 1.601 0.210999999999999
Su Su-1 Treatment 4 I1 0.002 0.975 0.399 0.021 29.875 0.81 4.912 3.901 34.771 1.313 29.859 7.828 0.438 29.255 33.91 4.834 29.076 7.565 -0.039 0.620000000000001 0.861000000000004 0.0780000000000003 0.783000000000001 0.263
Su Su-1 Treatment 4 I2 0.000724 0.988 0.397 0.014 29.48 0.53 5.29 2.44 34.297 0.537 29.007 7.696 0.438 29.255 33.91 4.834 29.076 7.565 -0.041 0.225000000000001 0.387 0.456 -0.0689999999999991 0.130999999999999
Su Su-1 Treatment 4 I3 0.002 0.972 0.398 0.021 29.679 0.811 4.777 3.795 34.059 0.691 29.282 7.433 0.438 29.255 33.91 4.834 29.076 7.565 -0.04 0.423999999999999 0.149000000000001 -0.0569999999999995 0.206 -0.132000000000001
Su Su-2 Ancestral Ancestral Ancestral 0.002 0.999 0.447 0.043 28.608 1.308 5.784 4.194 31.778 1.076 25.994 6.14 0.447 28.608 31.778 5.784 25.994 6.14 0 0 0 0 0 0
Su Su-2 Control 1 I1 0.0005348 0.996 0.484 0.035 29.07 0.894 4.466 2.279 31.397 0.445 26.931 5.552 0.447 28.608 31.778 5.784 25.994 6.14 0.037 0.462 -0.381 -1.318 0.937000000000001 -0.588
Su Su-2 Control 1 I2 0.001 0.993 0.465 0.029 28.43 0.902 6.077 2.806 31.633 0.544 25.556 6.098 0.447 28.608 31.778 5.784 25.994 6.14 0.018 -0.178000000000001 -0.145 0.293 -0.437999999999999 -0.0419999999999998
Su Su-2 Control 1 I3 0.0007239 0.995 0.445 0.023 28.415 0.762 5.256 2.708 31.94 0.708 26.684 6.485 0.447 28.608 31.778 5.784 25.994 6.14 -0.002 -0.193000000000001 0.162000000000003 -0.528 0.690000000000001 0.345000000000001
Su Su-2 Control 2 I1 0.001 0.992 0.468 0.035 28.642 1.037 5.854 2.959 31.494 0.524 25.64 5.848 0.447 28.608 31.778 5.784 25.994 6.14 0.021 0.0339999999999989 -0.283999999999999 0.0700000000000003 -0.353999999999999 -0.292
Su Su-2 Control 2 I2 0.0008621 0.994 0.455 0.039 29.161 0.919 4.824 3.197 31.955 1.365 27.131 5.966 0.447 28.608 31.778 5.784 25.994 6.14 0.00800000000000001 0.553000000000001 0.177 -0.96 1.137 -0.173999999999999
Su Su-2 Control 2 I3 0.001 0.992 0.468 0.033 28.521 0.999 6.043 3.008 31.585 0.575 25.542 6.025 0.447 28.608 31.778 5.784 25.994 6.14 0.021 -0.0869999999999997 -0.192999999999998 0.259 -0.451999999999998 -0.114999999999999
Su Su-2 Control 3 I1 0.003 0.981 0.445 0.034 27.825 1.194 7.382 4.201 32.133 1.076 24.751 6.649 0.447 28.608 31.778 5.784 25.994 6.14 -0.002 -0.783000000000001 0.355000000000004 1.598 -1.243 0.509
Su Su-2 Control 3 I2 0.002 0.988 0.454 0.036 28.462 1.127 5.919 3.738 31.836 0.937 25.917 6.279 0.447 28.608 31.778 5.784 25.994 6.14 0.00700000000000001 -0.146000000000001 0.0579999999999998 0.135 -0.0769999999999982 0.139
Su Su-2 Control 3 I3 0.0007467 0.995 0.49 0.058 29.347 1.258 4.804 2.635 31.289 0.525 26.485 5.21 0.447 28.608 31.778 5.784 25.994 6.14 0.043 0.739000000000001 -0.488999999999997 -0.98 0.491 -0.93
Su Su-2 Control 4 I1 0.002 0.989 0.43 0.029 28.168 0.979 6.775 3.628 32.358 1.236 25.583 6.709 0.447 28.608 31.778 5.784 25.994 6.14 -0.017 -0.440000000000001 0.579999999999998 0.991000000000001 -0.411000000000001 0.569
Su Su-2 Control 4 I2 0.002 0.989 0.46 0.038 28.582 1.114 5.928 3.547 31.765 0.889 25.837 6.136 0.447 28.608 31.778 5.784 25.994 6.14 0.013 -0.0259999999999998 -0.0129999999999981 0.144 -0.157 -0.00399999999999956
Su Su-2 Control 4 I3 4.962e-30 1 0.484 1.902e-14 30.051 3.922e-13 1.296 4.878e-13 31.085 7.831e-14 29.789 4.825 0.447 28.608 31.778 5.784 25.994 6.14 0.037 1.443 -0.692999999999998 -4.488 3.795 -1.315
Su Su-2 Treatment 1 I1 0.0005042 0.99 0.363 0.012 29.133 0.5 6.685 2.18 35.026 0.763 28.341 8.166 0.447 28.608 31.778 5.784 25.994 6.14 -0.084 0.524999999999999 3.248 0.901 2.347 2.026
Su Su-2 Treatment 1 I2 0.0004966 0.99 0.356 0.011 29.187 0.503 6.277 2.229 34.839 0.698 28.562 8.071 0.447 28.608 31.778 5.784 25.994 6.14 -0.091 0.579000000000001 3.061 0.493 2.568 1.931
Su Su-2 Treatment 1 I3 0.0001881 0.995 0.329 0.007 28.99 0.332 5.414 1.529 34.517 0.357 29.103 8.082 0.447 28.608 31.778 5.784 25.994 6.14 -0.118 0.381999999999998 2.739 -0.37 3.109 1.942
Su Su-2 Treatment 2 I1 0.001 0.967 0.35 0.021 29.198 0.973 6.55 4.862 36.612 2.972 30.062 9.222 0.447 28.608 31.778 5.784 25.994 6.14 -0.097 0.59 4.834 0.766 4.068 3.082
Su Su-2 Treatment 2 I2 0.0009307 0.979 0.349 0.016 29.343 0.716 5.725 3.274 34.84 1.033 29.115 8.094 0.447 28.608 31.778 5.784 25.994 6.14 -0.098 0.734999999999999 3.062 -0.0590000000000002 3.121 1.954
Su Su-2 Treatment 2 I3 6.812e-05 0.998 0.369 0.006 28.598 0.277 12.437 1.321 36.003 0.557 23.566 8.097 0.447 28.608 31.778 5.784 25.994 6.14 -0.078 -0.0100000000000016 4.225 6.653 -2.428 1.957
Su Su-2 Treatment 3 I1 0.0004003 0.992 0.349 0.01 29.488 0.459 6.158 2.061 34.819 0.681 28.661 7.949 0.447 28.608 31.778 5.784 25.994 6.14 -0.098 0.879999999999999 3.041 0.374000000000001 2.667 1.809
Su Su-2 Treatment 3 I2 0.0003976 0.991 0.343 0.01 29.602 0.481 4.672 2.293 34.549 0.611 29.877 7.903 0.447 28.608 31.778 5.784 25.994 6.14 -0.104 0.994 2.771 -1.112 3.883 1.763
Su Su-2 Treatment 3 I3 0.002 0.968 0.366 0.022 29.15 0.913 7.539 3.883 35.444 1.737 27.905 8.309 0.447 28.608 31.778 5.784 25.994 6.14 -0.081 0.541999999999998 3.666 1.755 1.911 2.169
Su Su-2 Treatment 4 I1 0.0005426 0.988 0.357 0.012 29.408 0.543 4.689 2.597 34.633 0.695 29.944 8.08 0.447 28.608 31.778 5.784 25.994 6.14 -0.09 0.800000000000001 2.855 -1.095 3.95 1.94
Su Su-2 Treatment 4 I2 0.0006106 0.987 0.363 0.013 29.344 0.569 5.484 2.655 34.97 0.888 29.486 8.231 0.447 28.608 31.778 5.784 25.994 6.14 -0.084 0.736000000000001 3.192 -0.3 3.492 2.091
Su Su-2 Treatment 4 I3 0.0009085 0.982 0.369 0.016 29.403 0.696 5.879 3.294 35.454 1.427 29.575 8.496 0.447 28.608 31.778 5.784 25.994 6.14 -0.078 0.794999999999998 3.676 0.0949999999999998 3.581 2.356
Sk Sk-1 Ancestral Ancestral Ancestral 0.002 0.89 0.318 0.043 27.941 2.301 1.111 13.655 33.281 1.964 32.17 8.471 0.318 27.941 33.281 1.111 32.17 8.471 0 0 0 0 0 0
Sk Sk-1 Control 1 I1 0.006 0.919 0.39 0.041 27.532 1.281 10.926 4.167 32.995 0.932 22.069 6.884 0.318 27.941 33.281 1.111 32.17 8.471 0.072 -0.408999999999999 -0.286000000000001 9.815 -10.101 -1.587
Sk Sk-1 Control 1 I3 0.003 0.945 0.348 0.026 27.259 1.046 8.081 4.166 32.956 0.698 24.875 7.465 0.318 27.941 33.281 1.111 32.17 8.471 0.03 -0.681999999999999 -0.324999999999996 6.97 -7.295 -1.006
Sk Sk-1 Control 2 I1 0.004 0.95 0.423 0.035 27.531 1.038 11.228 3.261 33.303 0.945 22.075 7.041 0.318 27.941 33.281 1.111 32.17 8.471 0.105 -0.41 0.0219999999999985 10.117 -10.095 -1.43
Sk Sk-1 Control 2 I3 0.0005533 0.992 0.43 0.019 25.809 1.15 11.786 2.589 34.481 0.965 22.695 8.512 0.318 27.941 33.281 1.111 32.17 8.471 0.112 -2.132 1.2 10.675 -9.475 0.0410000000000004
Sk Sk-1 Control 3 I1 0.002 0.973 0.42 0.048 24.677 3.829 14.53 0.261 34.825 1.788 20.295 9.093 0.318 27.941 33.281 1.111 32.17 8.471 0.102 -3.264 1.544 13.419 -11.875 0.622
Sk Sk-1 Control 3 I2 0.005 0.918 0.367 0.035 27.593 1.359 9.474 4.84 33.528 1.439 24.054 7.469 0.318 27.941 33.281 1.111 32.17 8.471 0.049 -0.347999999999999 0.247 8.363 -8.116 -1.002
Sk Sk-1 Control 3 I3 0.002 0.96 0.366 0.026 27.538 0.969 10.625 3.196 33.934 1.266 23.309 7.575 0.318 27.941 33.281 1.111 32.17 8.471 0.048 -0.402999999999999 0.652999999999999 9.514 -8.861 -0.896
Sk Sk-1 Control 4 I1 0.004 0.921 0.355 0.032 27.403 1.364 8.772 5.116 33.726 1.55 24.954 7.827 0.318 27.941 33.281 1.111 32.17 8.471 0.037 -0.538 0.445 7.661 -7.216 -0.644
Sk Sk-1 Control 4 I2 0.003 0.921 0.344 0.03 27.414 1.374 8.332 5.342 33.824 1.649 25.492 7.971 0.318 27.941 33.281 1.111 32.17 8.471 0.026 -0.526999999999997 0.542999999999999 7.221 -6.678 -0.5
Sk Sk-1 Treatment 1 I1 0.002 0.957 0.368 0.024 28.189 0.944 7.037 4.04 33.542 1.16 26.505 7.553 0.318 27.941 33.281 1.111 32.17 8.471 0.05 0.248000000000001 0.261000000000003 5.926 -5.665 -0.918
Sk Sk-1 Treatment 1 I2 0.004 0.925 0.374 0.062 28.054 2.404 7.661 8.63 32.432 3.067 24.771 6.686 0.318 27.941 33.281 1.111 32.17 8.471 0.056 0.113 -0.848999999999997 6.55 -7.399 -1.785
Sk Sk-1 Treatment 1 I3 0.003 0.943 0.35 0.026 27.487 1.115 8.126 4.368 33.48 1.119 25.354 7.746 0.318 27.941 33.281 1.111 32.17 8.471 0.032 -0.454000000000001 0.198999999999998 7.015 -6.816 -0.725
Sk Sk-1 Treatment 2 I1 0.0006357 0.979 0.318 0.021 29.229 1.129 3.093 5.691 33.444 1.56 30.351 7.47 0.318 27.941 33.281 1.111 32.17 8.471 0 1.288 0.163000000000004 1.982 -1.819 -1.001
Sk Sk-1 Treatment 2 I2 0.003 0.934 0.347 0.029 27.996 1.263 7.888 5.144 33.969 1.895 26.081 7.81 0.318 27.941 33.281 1.111 32.17 8.471 0.029 0.0549999999999997 0.688000000000002 6.777 -6.089 -0.661
Sk Sk-1 Treatment 2 I3 0.003 0.923 0.334 0.03 27.846 1.411 7.839 5.87 34.342 2.432 26.503 8.167 0.318 27.941 33.281 1.111 32.17 8.471 0.016 -0.0949999999999989 1.061 6.728 -5.667 -0.304
Sk Sk-1 Treatment 3 I1 0.002 0.933 0.323 0.026 27.72 1.326 7.88 5.535 34.468 2.329 26.588 8.323 0.318 27.941 33.281 1.111 32.17 8.471 0.005 -0.221 1.187 6.769 -5.582 -0.148
Sk Sk-1 Treatment 3 I2 0.002 0.937 0.317 0.025 27.8 1.269 7.847 5.283 34.37 2.186 26.523 8.212 0.318 27.941 33.281 1.111 32.17 8.471 -0.001 -0.140999999999998 1.089 6.736 -5.647 -0.259
Sk Sk-1 Treatment 3 I3 0.002 0.949 0.283 0.038 28.625 2.377 7.952 9.62 34.699 5.12 26.747 8.016 0.318 27.941 33.281 1.111 32.17 8.471 -0.035 0.684000000000001 1.418 6.841 -5.423 -0.455
Sk Sk-1 Treatment 4 I1 0.003 0.92 0.336 0.048 28.061 2.247 7.329 8.778 33.494 2.213 26.165 7.531 0.318 27.941 33.281 1.111 32.17 8.471 0.018 0.120000000000001 0.213000000000001 6.218 -6.005 -0.94
Sk Sk-1 Treatment 4 I2 0.002 0.927 0.325 0.043 28.167 2.153 6.577 8.854 33.531 2.239 26.954 7.633 0.318 27.941 33.281 1.111 32.17 8.471 0.00700000000000001 0.226000000000003 0.25 5.466 -5.216 -0.838
Sk Sk-1 Treatment 4 I3 8.009e-05 0.998 0.368 0.007 25.674 0.603 11.255 1.644 35.06 0.578 23.805 9.085 0.318 27.941 33.281 1.111 32.17 8.471 0.05 -2.267 1.779 10.144 -8.365 0.614000000000001
Sk Sk-2 Ancestral Ancestral Ancestral 0.002 0.993 0.328 0.023 27.051 1.317 4.091 5.914 31.699 0.595 27.608 7.31 0.328 27.051 31.699 4.091 27.608 7.31 0 0 0 0 0 0
Sk Sk-2 Control 1 I2 0.001 0.984 0.322 0.019 27.226 1.156 3.053 5.196 31.355 0.282 28.302 7.101 0.328 27.051 31.699 4.091 27.608 7.31 -0.00600000000000001 0.175000000000001 -0.344000000000001 -1.038 0.693999999999999 -0.209
Sk Sk-2 Control 1 I3 0.005 0.894 0.313 0.037 25.92 1.65 8.688 6.555 32.764 0.842 24.076 7.889 0.328 27.051 31.699 4.091 27.608 7.31 -0.015 -1.131 1.065 4.597 -3.532 0.579000000000001
Sk Sk-2 Control 2 I1 0.002 0.972 0.338 0.026 26.912 1.309 6.366 5.255 31.647 0.544 25.281 6.984 0.328 27.051 31.699 4.091 27.608 7.31 0.01 -0.138999999999999 -0.0520000000000032 2.275 -2.327 -0.326
Sk Sk-2 Control 2 I2 0.002 0.977 0.329 0.023 26.963 1.215 5.624 5.048 31.585 0.461 25.961 7.027 0.328 27.051 31.699 4.091 27.608 7.31 0.001 -0.0879999999999974 -0.114000000000001 1.533 -1.647 -0.282999999999999
Sk Sk-2 Control 2 I3 0.003 0.966 0.344 0.03 26.671 1.336 7.29 5.223 31.458 0.414 24.168 6.857 0.328 27.051 31.699 4.091 27.608 7.31 0.016 -0.379999999999999 -0.241000000000003 3.199 -3.44 -0.452999999999999
Sk Sk-2 Control 3 I1 0.002 0.967 0.31 0.025 26.467 1.353 6.925 5.586 31.933 0.752 25.008 7.402 0.328 27.051 31.699 4.091 27.608 7.31 -0.018 -0.584 0.233999999999998 2.834 -2.6 0.0920000000000005
Sk Sk-2 Control 3 I2 0.002 0.977 0.335 0.023 26.992 1.203 5.834 4.899 31.512 0.406 25.678 6.919 0.328 27.051 31.699 4.091 27.608 7.31 0.00700000000000001 -0.0589999999999975 -0.187000000000001 1.743 -1.93 -0.391
Sk Sk-2 Control 3 I3 0.002 0.974 0.335 0.023 26.992 1.203 5.834 4.899 31.512 0.406 25.678 6.919 0.328 27.051 31.699 4.091 27.608 7.31 0.00700000000000001 -0.0589999999999975 -0.187000000000001 1.743 -1.93 -0.391
Sk Sk-2 Control 4 I1 0.003 0.961 0.335 0.03 26.739 1.478 6.763 5.931 31.682 0.634 24.919 7.06 0.328 27.051 31.699 4.091 27.608 7.31 0.00700000000000001 -0.311999999999998 -0.017000000000003 2.672 -2.689 -0.25
Sk Sk-2 Control 4 I2 0.003 0.968 0.335 0.027 26.86 1.398 6.42 5.652 31.765 0.674 25.345 7.096 0.328 27.051 31.699 4.091 27.608 7.31 0.00700000000000001 -0.190999999999999 0.0659999999999989 2.329 -2.263 -0.214
Sk Sk-2 Control 4 I3 0.003 0.964 0.341 0.03 26.677 1.375 7.117 5.432 31.527 0.475 24.41 6.933 0.328 27.051 31.699 4.091 27.608 7.31 0.013 -0.373999999999999 -0.172000000000001 3.026 -3.198 -0.377
Sk Sk-2 Treatment 1 I1 0.0008228 0.886 0.199 0.031 27.017 2.291 4.85 10.266 34.027 3.021 29.177 8.91 0.328 27.051 31.699 4.091 27.608 7.31 -0.129 -0.0339999999999989 2.328 0.758999999999999 1.569 1.6
Sk Sk-2 Treatment 1 I2 0.0004651 0.918 0.177 0.011 25.607 1.435 5.02 8.759 35.359 2.203 30.339 10.51 0.328 27.051 31.699 4.091 27.608 7.31 -0.151 -1.444 3.66 0.928999999999999 2.731 3.2
Sk Sk-2 Treatment 1 I3 0.0007663 0.867 0.171 0.014 26.83 1.912 2.342 11.926 34.826 3.176 32.484 10.026 0.328 27.051 31.699 4.091 27.608 7.31 -0.157 -0.221 3.127 -1.749 4.876 2.716
Sk Sk-2 Treatment 2 I1 0.0009761 0.932 0.231 0.016 27.091 1.31 5.933 6.243 34.348 1.879 28.415 8.901 0.328 27.051 31.699 4.091 27.608 7.31 -0.097 0.0400000000000027 2.649 1.842 0.806999999999999 1.591
Sk Sk-2 Treatment 2 I2 0.0009762 0.932 0.231 0.016 27.091 1.31 5.933 6.243 34.348 1.879 28.415 8.901 0.328 27.051 31.699 4.091 27.608 7.31 -0.097 0.0400000000000027 2.649 1.842 0.806999999999999 1.591
Sk Sk-2 Treatment 2 I3 0.0009917 0.945 0.226 0.017 27.84 1.212 8.136 5.132 34.82 2.541 26.684 8.445 0.328 27.051 31.699 4.091 27.608 7.31 -0.102 0.789000000000001 3.121 4.045 -0.923999999999999 1.135
Sk Sk-2 Treatment 3 I1 0.002 0.93 0.247 0.022 28.191 1.373 7.355 6.221 34.767 3.17 27.412 8.374 0.328 27.051 31.699 4.091 27.608 7.31 -0.081 1.14 3.068 3.264 -0.196000000000002 1.064
Sk Sk-2 Treatment 3 I2 0.001 0.912 0.231 0.021 28.148 1.546 5.912 7.558 34.627 3.323 28.715 8.552 0.328 27.051 31.699 4.091 27.608 7.31 -0.097 1.097 2.928 1.821 1.107 1.242
Sk Sk-2 Treatment 3 I3 0.001 0.921 0.234 0.018 27.241 1.399 6.171 6.441 34.112 1.869 27.941 8.627 0.328 27.051 31.699 4.091 27.608 7.31 -0.094 0.190000000000001 2.413 2.08 0.332999999999998 1.317
Sk Sk-2 Treatment 4 I1 0.0007696 0.963 0.22 0.018 29.448 0.911 6.674 5.041 34.619 3.425 27.945 7.343 0.328 27.051 31.699 4.091 27.608 7.31 -0.108 2.397 2.92 2.583 0.337 0.0330000000000004
Sk Sk-2 Treatment 4 I2 0.001 0.949 0.244 0.021 28.521 1.158 8.385 5.283 35.166 3.544 26.781 8.341 0.328 27.051 31.699 4.091 27.608 7.31 -0.084 1.47 3.467 4.294 -0.827000000000002 1.031
Sk Sk-2 Treatment 4 I3 0.0006653 0.966 0.215 0.016 29.327 0.877 6.907 4.55 34.429 2.805 27.522 7.377 0.328 27.051 31.699 4.091 27.608 7.31 -0.113 2.276 2.73 2.816 -0.0860000000000021 0.0670000000000002
Sa Sa-2 Ancestral Ancestral Ancestral 7.25e-05 0.995 0.396 0.022 29.607 0.922 -14.386 3.571 31.353 0.58 45.739 7.378 0.396 29.607 31.353 -14.386 45.739 7.378 0 0 0 0 0 0
Sa Sa-2 Control 1 I1 0.005 0.956 0.387 0.033 28.403 1.053 -1.455 8.339 33.001 0.133 34.456 8.377 0.396 29.607 31.353 -14.386 45.739 7.378 -0.00900000000000001 -1.204 1.648 12.931 -11.283 0.999000000000001
Sa Sa-2 Control 1 I2 0.005 0.957 0.412 0.093 28.953 3.803 -3.195 14.118 31.459 2.074 34.654 6.714 0.396 29.607 31.353 -14.386 45.739 7.378 0.016 -0.654 0.105999999999998 11.191 -11.085 -0.664
Sa Sa-2 Control 1 I3 0.01 0.916 0.401 0.077 28.266 3.513 0.81 17.067 32.28 4.36 31.47 7.503 0.396 29.607 31.353 -14.386 45.739 7.378 0.005 -1.341 0.927 15.196 -14.269 0.125
Sa Sa-2 Control 2 I1 0.003 0.974 0.387 0.026 28.354 0.718 5.798 3.88 33.001 0.13 27.203 7.277 0.396 29.607 31.353 -14.386 45.739 7.378 -0.00900000000000001 -1.253 1.648 20.184 -18.536 -0.101
Sa Sa-2 Control 2 I2 0.003 0.964 0.376 0.061 28.72 2.568 0.486 10.772 31.904 2.668 31.418 6.887 0.396 29.607 31.353 -14.386 45.739 7.378 -0.02 -0.887 0.550999999999998 14.872 -14.321 -0.491000000000001
Sa Sa-2 Control 2 I3 0.005 0.961 0.445 0.07 28.565 2.192 5.788 6.912 31.711 1.596 25.923 6.128 0.396 29.607 31.353 -14.386 45.739 7.378 0.049 -1.042 0.357999999999997 20.174 -19.816 -1.25
Sa Sa-2 Control 3 I1 0.001 0.985 0.368 0.023 27.439 1.078 6.519 4.491 32.858 1.479 26.339 7.6 0.396 29.607 31.353 -14.386 45.739 7.378 -0.028 -2.168 1.505 20.905 -19.4 0.222
Sa Sa-2 Control 3 I2 0.002 0.973 0.365 0.046 28.538 2.165 1.002 8.279 31.642 1.393 30.64 6.773 0.396 29.607 31.353 -14.386 45.739 7.378 -0.031 -1.069 0.288999999999998 15.388 -15.099 -0.605
Sa Sa-2 Control 3 I3 0.001 0.987 0.373 0.042 28.874 1.655 1.369 5.71 31.608 1.186 30.239 6.339 0.396 29.607 31.353 -14.386 45.739 7.378 -0.023 -0.733000000000001 0.254999999999999 15.755 -15.5 -1.039
Sa Sa-2 Control 4 I1 0.002 0.978 0.361 0.04 28.568 1.644 2.76 7.608 32.45 2.751 29.69 7.189 0.396 29.607 31.353 -14.386 45.739 7.378 -0.035 -1.039 1.097 17.146 -16.049 -0.189
Sa Sa-2 Control 4 I2 0.001 0.987 0.364 0.032 28.571 1.361 3.262 4.824 31.717 1.004 28.455 6.487 0.396 29.607 31.353 -14.386 45.739 7.378 -0.032 -1.036 0.363999999999997 17.648 -17.284 -0.891
Sa Sa-2 Control 4 I3 0.003 0.971 0.37 0.066 29.015 2.406 1.338 8.912 31.785 2.525 30.447 6.39 0.396 29.607 31.353 -14.386 45.739 7.378 -0.026 -0.591999999999999 0.431999999999999 15.724 -15.292 -0.988
Sa Sa-2 Treatment 1 I1 0.001 0.918 0.274 0.015 28.716 1.431 -6.886 11.668 34.945 1.884 41.831 10.574 0.396 29.607 31.353 -14.386 45.739 7.378 -0.122 -0.890999999999998 3.592 7.5 -3.90799999999999 3.196
Sa Sa-2 Treatment 1 I2 0.008 0.752 0.301 0.042 26.734 2.79 8.45 12.185 36.411 4.492 27.961 10.002 0.396 29.607 31.353 -14.386 45.739 7.378 -0.095 -2.873 5.058 22.836 -17.778 2.624
Sa Sa-2 Treatment 1 I3 0.0007536 0.942 0.271 0.013 27.847 1.248 -0.225 8.595 36.2 2.366 36.425 10.918 0.396 29.607 31.353 -14.386 45.739 7.378 -0.125 -1.76 4.847 14.161 -9.314 3.54
Sa Sa-2 Treatment 2 I1 0.007 0.826 0.298 0.039 27.224 2.191 9.297 8.049 35.233 2.593 25.936 8.815 0.396 29.607 31.353 -14.386 45.739 7.378 -0.098 -2.383 3.88 23.683 -19.803 1.437
Sa Sa-2 Treatment 2 I2 0.002 0.855 0.237 0.023 28.263 2.173 3.677 12.833 36.965 5.657 33.288 10.539 0.396 29.607 31.353 -14.386 45.739 7.378 -0.159 -1.344 5.612 18.063 -12.451 3.161
Sa Sa-2 Treatment 2 I3 0.004 0.803 0.249 0.028 27.73 2.383 3.363 13.026 35.396 3.25 32.033 9.781 0.396 29.607 31.353 -14.386 45.739 7.378 -0.147 -1.877 4.043 17.749 -13.706 2.403
Sa Sa-2 Treatment 3 I1 1.783e-05 0.998 0.279 0.003 29.565 0.347 -14.831 3.38 35.225 0.648 50.056 11.192 0.396 29.607 31.353 -14.386 45.739 7.378 -0.117 -0.041999999999998 3.872 -0.445 4.317 3.814
Sa Sa-2 Treatment 3 I2 3.204e-05 0.998 0.28 0.004 27.923 0.454 5.178 2.289 38.052 1.252 32.874 11.15 0.396 29.607 31.353 -14.386 45.739 7.378 -0.116 -1.684 6.699 19.564 -12.865 3.772
Sa Sa-2 Treatment 3 I3 4.408e-05 0.996 0.286 0.004 28.058 0.552 -3.796 4.04 36.638 1.181 40.434 11.74 0.396 29.607 31.353 -14.386 45.739 7.378 -0.11 -1.549 5.285 10.59 -5.305 4.362
Sa Sa-2 Treatment 4 I1 0.003 0.853 0.248 0.025 27.734 2.119 6.357 10.353 36.599 4.363 30.242 10.051 0.396 29.607 31.353 -14.386 45.739 7.378 -0.148 -1.873 5.246 20.743 -15.497 2.673
Sa Sa-2 Treatment 4 I2 0.001 0.938 0.242 0.025 28.79 2.459 4.829 12.228 36.44 5.247 31.611 9.692 0.396 29.607 31.353 -14.386 45.739 7.378 -0.154 -0.817 5.087 19.215 -14.128 2.314
Sa Sa-2 Treatment 4 I3 0.0004178 0.971 0.241 0.016 29.756 1.667 -1.105 9.898 35.119 2.842 36.224 9.135 0.396 29.607 31.353 -14.386 45.739 7.378 -0.155 0.149000000000001 3.766 13.281 -9.515 1.757
Sj Sj-1 Ancestral Ancestral Ancestral 0.003 0.974 0.557 0.022 28.592 0.743 9.709 2.608 38.18 1.114 28.471 10.076 0.557 28.592 38.18 9.709 28.471 10.076 0 0 0 0 0 0
Sj Sj-1 Control 1 I1 0.007 0.957 0.601 0.035 31.059 0.806 6.181 3.596 36.131 0.721 29.95 7.949 0.557 28.592 38.18 9.709 28.471 10.076 0.0439999999999999 2.467 -2.049 -3.528 1.479 -2.127
Sj Sj-1 Control 1 I2 0.009 0.954 0.592 2.65 30.835 4.733 6.647 3.52 35.535 0.338 28.888 7.554 0.557 28.592 38.18 9.709 28.471 10.076 0.0349999999999999 2.243 -2.645 -3.062 0.417000000000002 -2.522
Sj Sj-1 Control 1 I3 0.001 0.99 0.583 0.022 30.249 0.465 9.221 1.727 36.015 0.314 26.794 7.838 0.557 28.592 38.18 9.709 28.471 10.076 0.0259999999999999 1.657 -2.165 -0.488 -1.677 -2.238
Sj Sj-1 Control 2 I1 0.008 0.947 0.561 0.039 30.725 1.052 7.974 4.244 37.497 1.994 29.523 8.864 0.557 28.592 38.18 9.709 28.471 10.076 0.004 2.133 -0.683 -1.735 1.052 -1.212
Sj Sj-1 Control 2 I2 0.01 0.919 0.549 0.059 29.778 1.459 9.663 5.08 37.177 1.862 27.514 8.815 0.557 28.592 38.18 9.709 28.471 10.076 -0.00800000000000001 1.186 -1.003 -0.0459999999999994 -0.957000000000001 -1.261
Sj Sj-1 Control 2 I3 0.008 0.951 0.617 0.054 30.155 1.105 10.551 3.7 36.702 1.175 26.151 8.128 0.557 28.592 38.18 9.709 28.471 10.076 0.0599999999999999 1.563 -1.478 0.842000000000001 -2.32 -1.948
Sj Sj-1 Control 3 I1 0.007 0.943 0.541 0.051 30.063 1.263 10.12 4.417 37.942 2.332 27.822 9.1 0.557 28.592 38.18 9.709 28.471 10.076 -0.016 1.471 -0.238 0.411 -0.649000000000001 -0.976000000000001
Sj Sj-1 Control 3 I2 0.004 0.965 0.537 0.037 30.752 1.01 7.511 4.054 36.967 1.381 29.456 8.547 0.557 28.592 38.18 9.709 28.471 10.076 -0.02 2.16 -1.213 -2.198 0.984999999999999 -1.529
Sj Sj-1 Control 3 I3 0.004 0.963 0.543 0.038 30.575 0.988 7.98 3.844 36.652 1.089 28.672 8.364 0.557 28.592 38.18 9.709 28.471 10.076 -0.014 1.983 -1.528 -1.729 0.201000000000001 -1.712
Sj Sj-1 Control 4 I1 0.009 0.927 0.541 0.054 30.412 1.388 8.576 5.209 36.714 1.542 28.138 8.386 0.557 28.592 38.18 9.709 28.471 10.076 -0.016 1.82 -1.466 -1.133 -0.332999999999998 -1.69
Sj Sj-1 Control 4 I2 0.005 0.962 0.53 0.029 31.01 0.734 6.563 3.239 36.041 0.602 29.478 7.846 0.557 28.592 38.18 9.709 28.471 10.076 -0.027 2.418 -2.139 -3.146 1.007 -2.23
Sj Sj-1 Control 4 I3 0.005 0.959 0.53 0.029 31.01 0.734 6.563 3.239 36.041 0.602 29.478 7.846 0.557 28.592 38.18 9.709 28.471 10.076 -0.027 2.418 -2.139 -3.146 1.007 -2.23
Sj Sj-1 Treatment 1 I1 0.003 0.94 0.367 0.023 31.385 1.012 1.357 5.535 36.454 1.25 35.097 8.787 0.557 28.592 38.18 9.709 28.471 10.076 -0.19 2.793 -1.726 -8.352 6.626 -1.289
Sj Sj-1 Treatment 1 I2 0.002 0.963 0.366 0.017 32.265 0.792 -4.127 5.451 36.357 1.189 40.484 8.846 0.557 28.592 38.18 9.709 28.471 10.076 -0.191 3.673 -1.823 -13.836 12.013 -1.23
Sj Sj-1 Treatment 1 I3 0.004 0.937 0.372 0.026 30.644 1.17 6.192 5.239 37.783 2.438 31.591 9.436 0.557 28.592 38.18 9.709 28.471 10.076 -0.185 2.052 -0.396999999999998 -3.517 3.12 -0.640000000000001
Sj Sj-1 Treatment 2 I1 0.007 0.92 0.406 0.049 30.133 1.44 11.869 4.515 36.98 1.778 25.111 8.086 0.557 28.592 38.18 9.709 28.471 10.076 -0.151 1.541 -1.2 2.16 -3.36 -1.99
Sj Sj-1 Treatment 2 I2 0.003 0.952 0.348 0.024 31.129 0.993 7.42 4.256 37.452 2.083 30.032 8.696 0.557 28.592 38.18 9.709 28.471 10.076 -0.209 2.537 -0.728000000000002 -2.289 1.561 -1.38
Sj Sj-1 Treatment 2 I3 0.004 0.936 0.337 0.025 30.317 1.182 8.866 4.505 37.88 2.342 29.014 9.184 0.557 28.592 38.18 9.709 28.471 10.076 -0.22 1.725 -0.299999999999997 -0.843 0.542999999999999 -0.892000000000001
Sj Sj-1 Treatment 3 I1 0.002 0.961 0.344 0.02 30.646 0.807 8.781 3.059 36.398 0.826 27.617 7.989 0.557 28.592 38.18 9.709 28.471 10.076 -0.213 2.054 -1.782 -0.927999999999999 -0.853999999999999 -2.087
Sj Sj-1 Treatment 3 I2 0.005 0.922 0.346 0.02 30.568 0.807 8.619 3.059 37.31 0.826 28.691 8.724 0.557 28.592 38.18 9.709 28.471 10.076 -0.211 1.976 -0.869999999999997 -1.09 0.219999999999999 -1.352
Sj Sj-1 Treatment 3 I3 0.003 0.963 0.441 0.024 31.247 0.79 6.086 3.511 36.541 1.016 30.455 8.181 0.557 28.592 38.18 9.709 28.471 10.076 -0.116 2.655 -1.639 -3.623 1.984 -1.895
Sj Sj-1 Treatment 4 I1 0.001 0.98 0.387 0.016 30.968 0.622 7.115 2.624 37.175 1.083 30.06 8.632 0.557 28.592 38.18 9.709 28.471 10.076 -0.17 2.376 -1.005 -2.594 1.589 -1.444
Sj Sj-1 Treatment 4 I2 0.002 0.977 0.394 0.018 31.343 0.634 7.049 2.721 36.623 0.889 29.574 8.042 0.557 28.592 38.18 9.709 28.471 10.076 -0.163 2.751 -1.557 -2.66 1.103 -2.034
Sj Sj-1 Treatment 4 I3 0.001 0.983 0.404 0.015 31.994 0.479 4.976 2.411 36.019 0.48 31.043 7.429 0.557 28.592 38.18 9.709 28.471 10.076 -0.153 3.402 -2.161 -4.733 2.572 -2.647
Sj Sj-2 Ancestral Ancestral Ancestral 0.004 0.962 0.425 0.024 29.198 0.803 2.518 4.587 35.299 0.248 32.781 9.039 0.425 29.198 35.299 2.518 32.781 9.039 0 0 0 0 0 0
Sj Sj-2 Control 1 I1 0.017 0.878 0.432 0.061 27.673 2.406 2.94 12.524 35.321 0.753 32.381 9.841 0.425 29.198 35.299 2.518 32.781 9.039 0.00700000000000001 -1.525 0.0219999999999985 0.422 -0.399999999999999 0.802
Sj Sj-2 Control 1 I2 0.015 0.932 0.469 0.046 26.872 1.371 11.855 3.927 34.805 0.793 22.95 8.198 0.425 29.198 35.299 2.518 32.781 9.039 0.044 -2.326 -0.494 9.337 -9.831 -0.840999999999999
Sj Sj-2 Control 1 I3 0.005 0.973 0.478 0.039 26.605 1.2 15.466 3.785 32.522 1.021 17.056 6.145 0.425 29.198 35.299 2.518 32.781 9.039 0.053 -2.593 -2.777 12.948 -15.725 -2.894
Sj Sj-2 Control 2 I1 0.005 0.972 0.463 0.027 28.431 0.965 7.363 3.765 34.944 0.527 27.581 8.403 0.425 29.198 35.299 2.518 32.781 9.039 0.038 -0.766999999999999 -0.354999999999997 4.845 -5.2 -0.635999999999999
Sj Sj-2 Control 2 I2 0.004 0.98 0.483 0.035 25.579 1.35 10.532 3.926 35.234 0.384 24.702 9.396 0.425 29.198 35.299 2.518 32.781 9.039 0.058 -3.619 -0.0649999999999977 8.014 -8.079 0.357000000000001
Sj Sj-2 Control 2 I3 0.002 0.988 0.506 0.078 29.128 1.894 4.31 4.072 31.176 0.405 26.866 5.306 0.425 29.198 35.299 2.518 32.781 9.039 0.081 -0.0700000000000003 -4.123 1.792 -5.915 -3.733
Sj Sj-2 Control 3 I1 0.006 0.928 0.346 0.044 26.646 1.536 7.984 6.432 35.028 0.507 27.044 9.22 0.425 29.198 35.299 2.518 32.781 9.039 -0.079 -2.552 -0.271000000000001 5.466 -5.737 0.181000000000001
Sj Sj-2 Control 3 I2 0.007 0.95 0.387 0.031 27.242 1.293 6.722 5.662 34.656 0.583 27.934 8.901 0.425 29.198 35.299 2.518 32.781 9.039 -0.038 -1.956 -0.643000000000001 4.204 -4.847 -0.138
Sj Sj-2 Control 3 I3 0.011 0.925 0.398 0.038 27.123 1.377 8.719 5.297 35.076 0.46 26.357 8.861 0.425 29.198 35.299 2.518 32.781 9.039 -0.027 -2.075 -0.222999999999999 6.201 -6.424 -0.177999999999999
Sj Sj-2 Control 4 I1 0.002 0.982 0.482 0.254 29.964 5.74 -1.531 7.686 31.057 0.682 32.588 5.007 0.425 29.198 35.299 2.518 32.781 9.039 0.057 0.765999999999998 -4.242 -4.049 -0.192999999999998 -4.032
Sj Sj-2 Control 4 I2 0.01 0.929 0.385 0.039 26.464 1.487 9.077 5.651 34.499 0.687 25.422 8.761 0.425 29.198 35.299 2.518 32.781 9.039 -0.04 -2.734 -0.799999999999997 6.559 -7.359 -0.278
Sj Sj-2 Control 4 I3 0.0007315 0.995 0.475 0.045 29.775 1.521 4.375 3.281 34.534 0.47 30.159 7.799 0.425 29.198 35.299 2.518 32.781 9.039 0.05 0.576999999999998 -0.765000000000001 1.857 -2.622 -1.24
Sj Sj-2 Treatment 1 I1 0.004 0.901 0.301 0.027 30.464 1.465 7.067 6.046 37.351 2.419 30.284 9.085 0.425 29.198 35.299 2.518 32.781 9.039 -0.124 1.266 2.052 4.549 -2.497 0.0460000000000012
Sj Sj-2 Treatment 1 I2 0.0004234 0.987 0.311 0.008 31.004 0.478 2 2.513 36.777 0.665 34.777 9.156 0.425 29.198 35.299 2.518 32.781 9.039 -0.114 1.806 1.478 -0.518 1.996 0.117000000000001
Sj Sj-2 Treatment 1 I3 0.002 0.957 0.327 0.018 32.208 0.807 1.019 4.671 36.215 1.048 35.196 8.03 0.425 29.198 35.299 2.518 32.781 9.039 -0.098 3.01 0.916000000000004 -1.499 2.415 -1.009
Sj Sj-2 Treatment 2 I1 0.0007851 0.985 0.353 0.012 32.05 0.463 3.432 2.441 36.18 0.554 32.748 7.755 0.425 29.198 35.299 2.518 32.781 9.039 -0.072 2.852 0.881 0.914 -0.0330000000000013 -1.284
Sj Sj-2 Treatment 2 I2 0.001 0.98 0.345 0.016 30.916 0.614 9.452 2.316 37.244 1.097 27.792 8.304 0.425 29.198 35.299 2.518 32.781 9.039 -0.08 1.718 1.945 6.934 -4.989 -0.734999999999999
Sj Sj-2 Treatment 2 I3 0.0005264 0.991 0.345 0.01 32.473 0.369 3.955 1.972 36.072 0.46 32.117 7.338 0.425 29.198 35.299 2.518 32.781 9.039 -0.08 3.275 0.773000000000003 1.437 -0.664000000000001 -1.701
Sj Sj-2 Treatment 3 I1 0.002 0.971 0.405 0.019 30.887 0.672 6.836 2.857 36.227 0.63 29.391 8.022 0.425 29.198 35.299 2.518 32.781 9.039 -0.02 1.689 0.927999999999997 4.318 -3.39 -1.017
Sj Sj-2 Treatment 3 I2 0.002 0.973 0.36 0.017 30.843 0.681 6.755 2.864 36.516 0.781 29.761 8.283 0.425 29.198 35.299 2.518 32.781 9.039 -0.065 1.645 1.217 4.237 -3.02 -0.756
Sj Sj-2 Treatment 3 I3 0.002 0.953 0.341 0.022 32.293 0.928 -2.196 6.074 35.582 0.517 37.778 7.832 0.425 29.198 35.299 2.518 32.781 9.039 -0.084 3.095 0.283000000000001 -4.714 4.997 -1.207
Sj Sj-2 Treatment 4 I1 0.002 0.964 0.375 0.019 30.396 0.784 6.13 3.348 36.361 0.736 30.231 8.559 0.425 29.198 35.299 2.518 32.781 9.039 -0.05 1.198 1.062 3.612 -2.55 -0.48
Sj Sj-2 Treatment 4 I2 0.002 0.971 0.367 0.017 30.346 0.732 7.906 2.833 36.813 0.903 28.907 8.6 0.425 29.198 35.299 2.518 32.781 9.039 -0.058 1.148 1.514 5.388 -3.874 -0.439
Sj Sj-2 Treatment 4 I3 0.002 0.942 0.349 0.019 31.892 0.803 -2.205 5.526 35.681 0.494 37.886 8.233 0.425 29.198 35.299 2.518 32.781 9.039 -0.076 2.694 0.381999999999998 -4.723 5.105 -0.805999999999999
Sm Sm-1 Ancestral Ancestral Ancestral 0.002 0.968 0.537 0.028 30.39 1.181 -2.966 6.93 35.845 1.663 38.811 9.612 0.537 30.39 35.845 -2.966 38.811 9.612 0 0 0 0 0 0
Sm Sm-1 Control 1 I1 0.0006277 0.995 0.55 0.016 30.793 0.427 6.111 1.808 36.141 0.828 30.03 8.14 0.537 30.39 35.845 -2.966 38.811 9.612 0.013 0.402999999999999 0.295999999999999 9.077 -8.781 -1.472
Sm Sm-1 Control 1 I2 0.0009583 0.993 0.562 0.02 30.888 0.512 6.933 1.963 35.664 0.761 28.731 7.572 0.537 30.39 35.845 -2.966 38.811 9.612 0.025 0.498000000000001 -0.180999999999997 9.899 -10.08 -2.04
Sm Sm-1 Control 1 I3 0.0006767 0.995 0.575 0.017 30.76 0.433 6.38 1.643 35.439 0.517 29.059 7.576 0.537 30.39 35.845 -2.966 38.811 9.612 0.0379999999999999 0.370000000000001 -0.405999999999999 9.346 -9.752 -2.036
Sm Sm-1 Control 2 I1 0.002 0.983 0.547 0.028 30.428 0.774 7.352 2.883 35.617 0.95 28.265 7.789 0.537 30.39 35.845 -2.966 38.811 9.612 0.01 0.0380000000000003 -0.228000000000002 10.318 -10.546 -1.823
Sm Sm-1 Control 2 I2 0.001 0.989 0.554 0.027 31.069 0.701 5.931 2.654 35.345 0.87 29.414 7.356 0.537 30.39 35.845 -2.966 38.811 9.612 0.017 0.678999999999998 -0.5 8.897 -9.397 -2.256
Sm Sm-1 Control 2 I3 0.002 0.986 0.562 0.029 30.805 0.744 7.275 2.769 35.57 1 28.295 7.503 0.537 30.39 35.845 -2.966 38.811 9.612 0.025 0.414999999999999 -0.274999999999999 10.241 -10.516 -2.109
Sm Sm-1 Control 3 I1 0.002 0.985 0.54 0.028 30.629 0.724 7.843 3.009 36.743 1.788 28.9 8.413 0.537 30.39 35.845 -2.966 38.811 9.612 0.003 0.239000000000001 0.898000000000003 10.809 -9.911 -1.199
Sm Sm-1 Control 3 I2 5.112e-05 1 0.576 0.011 31.863 0.24 3.435 0.895 34.814 0.244 31.379 6.672 0.537 30.39 35.845 -2.966 38.811 9.612 0.0389999999999999 1.473 -1.031 6.401 -7.432 -2.94
Sm Sm-1 Control 3 I3 0.001 0.991 0.574 0.032 31.535 0.751 5.492 2.394 34.725 0.559 29.233 6.643 0.537 30.39 35.845 -2.966 38.811 9.612 0.0369999999999999 1.145 -1.12 8.458 -9.578 -2.969
Sm Sm-1 Control 4 I1 0.001 0.989 0.549 0.029 31.22 0.761 5.563 2.69 34.98 0.696 29.417 7.016 0.537 30.39 35.845 -2.966 38.811 9.612 0.012 0.829999999999998 -0.865000000000002 8.529 -9.394 -2.596
Sm Sm-1 Control 4 I2 0.001 0.992 0.577 0.03 31.569 0.724 5.254 2.233 34.624 0.462 29.37 6.547 0.537 30.39 35.845 -2.966 38.811 9.612 0.0399999999999999 1.179 -1.221 8.22 -9.441 -3.065
Sm Sm-1 Control 4 I3 0.002 0.987 0.551 0.027 30.693 0.715 7.255 2.669 35.589 0.938 28.334 7.605 0.537 30.39 35.845 -2.966 38.811 9.612 0.014 0.303000000000001 -0.256 10.221 -10.477 -2.007
Sm Sm-1 Treatment 1 I1 0.001 0.99 0.498 0.02 30.536 0.618 7.016 2.337 35.626 0.789 28.61 7.801 0.537 30.39 35.845 -2.966 38.811 9.612 -0.039 0.146000000000001 -0.219000000000001 9.982 -10.201 -1.811
Sm Sm-1 Treatment 1 I2 0.002 0.985 0.483 0.023 30.338 0.72 7.392 2.785 36.051 1.131 28.659 8.141 0.537 30.39 35.845 -2.966 38.811 9.612 -0.054 -0.0519999999999996 0.206000000000003 10.358 -10.152 -1.471
Sm Sm-1 Treatment 1 I3 0.002 0.982 0.519 0.029 30.786 0.856 6.175 3.187 35.249 0.877 29.074 7.438 0.537 30.39 35.845 -2.966 38.811 9.612 -0.018 0.396000000000001 -0.595999999999997 9.141 -9.737 -2.174
Sm Sm-1 Treatment 2 I1 0.001 0.968 0.432 0.031 30.259 1.155 10.217 6.055 37.057 2.789 26.84 8.391 0.537 30.39 35.845 -2.966 38.811 9.612 -0.105 -0.131 1.212 13.183 -11.971 -1.221
Sm Sm-1 Treatment 2 I2 0.0009512 0.989 0.446 0.021 31.042 0.687 5.734 2.719 35.544 0.993 29.81 7.565 0.537 30.39 35.845 -2.966 38.811 9.612 -0.091 0.652000000000001 -0.301000000000002 8.7 -9.001 -2.047
Sm Sm-1 Treatment 2 I3 0.0008535 0.992 0.477 0.018 30.621 0.576 6.73 2.08 35.118 0.494 28.388 7.381 0.537 30.39 35.845 -2.966 38.811 9.612 -0.0600000000000001 0.230999999999998 -0.726999999999997 9.696 -10.423 -2.231
Sm Sm-1 Treatment 3 I1 0.0007945 0.993 0.506 0.022 31.234 0.638 5.909 2.016 34.567 0.32 28.658 6.6 0.537 30.39 35.845 -2.966 38.811 9.612 -0.031 0.844000000000001 -1.278 8.875 -10.153 -3.012
Sm Sm-1 Treatment 3 I2 0.0008627 0.992 0.489 0.019 30.884 0.582 6.324 2.202 35.415 0.713 29.091 7.475 0.537 30.39 35.845 -2.966 38.811 9.612 -0.048 0.494 -0.43 9.29 -9.72 -2.137
Sm Sm-1 Treatment 3 I3 0.002 0.98 0.475 0.026 30.331 0.879 7.093 3.089 34.66 0.405 27.567 7.132 0.537 30.39 35.845 -2.966 38.811 9.612 -0.0620000000000001 -0.0590000000000011 -1.185 10.059 -11.244 -2.48
Sm Sm-1 Treatment 4 I1 0.0001411 0.997 0.476 0.01 30.417 0.331 10.385 1.708 36.966 0.813 26.581 8.239 0.537 30.39 35.845 -2.966 38.811 9.612 -0.0610000000000001 0.027000000000001 1.121 13.351 -12.23 -1.373
Sm Sm-1 Treatment 4 I2 0.002 0.986 0.554 0.03 30.912 0.78 6.978 2.763 35.159 0.768 28.181 7.148 0.537 30.39 35.845 -2.966 38.811 9.612 0.017 0.521999999999998 -0.686 9.944 -10.63 -2.464
Sm Sm-1 Treatment 4 I3 0.002 0.985 0.502 0.026 30.748 0.75 7.26 2.821 35.652 1.048 28.392 7.611 0.537 30.39 35.845 -2.966 38.811 9.612 -0.035 0.358000000000001 -0.192999999999998 10.226 -10.419 -2.001
Sm Sm-2 Ancestral Ancestral Ancestral 0.004 0.975 0.543 6.629 29.869 8.465 3.398 3.352 36.773 0.325 33.375 9.594 0.543 29.869 36.773 3.398 33.375 9.594 0 0 0 0 0 0
Sm Sm-2 Control 1 I1 0.002 0.992 0.554 0.015 31.223 0.34 4.172 1.851 36.186 0.076 32.014 8.219 0.543 29.869 36.773 3.398 33.375 9.594 0.011 1.354 -0.587000000000003 0.774 -1.361 -1.375
Sm Sm-2 Control 1 I2 0.001 0.995 0.576 0.626 31.397 1.221 4.748 1.506 36.115 0.053 31.367 7.986 0.543 29.869 36.773 3.398 33.375 9.594 0.0329999999999999 1.528 -0.658000000000001 1.35 -2.008 -1.608
Sm Sm-2 Control 1 I3 0.0003661 0.998 0.565 0.009 31.36 0.195 7.105 0.867 36.112 0.038 29.007 7.631 0.543 29.869 36.773 3.398 33.375 9.594 0.0219999999999999 1.491 -0.661000000000001 3.707 -4.368 -1.963
Sm Sm-2 Control 2 I1 0.002 0.994 0.557 0.015 30.787 0.298 8.335 1.381 36.004 0.068 27.669 7.674 0.543 29.869 36.773 3.398 33.375 9.594 0.014 0.917999999999999 -0.769000000000005 4.937 -5.706 -1.92
Sm Sm-2 Control 2 I2 0.004 0.986 0.583 0.024 30.709 0.452 8.418 2.07 36.01 0.107 27.592 7.72 0.543 29.869 36.773 3.398 33.375 9.594 0.0399999999999999 0.84 -0.763000000000005 5.02 -5.783 -1.874
Sm Sm-2 Control 2 I3 0.008 0.97 0.587 0.032 30.924 0.655 7.292 3.086 36.166 0.17 28.874 7.877 0.543 29.869 36.773 3.398 33.375 9.594 0.0439999999999999 1.055 -0.607000000000006 3.894 -4.501 -1.717
Sm Sm-2 Control 3 I1 0.003 0.985 0.545 0.021 30.821 0.466 6.727 2.24 36.176 0.122 29.449 8.046 0.543 29.869 36.773 3.398 33.375 9.594 0.002 0.952000000000002 -0.597000000000001 3.329 -3.926 -1.548
Sm Sm-2 Control 3 I2 0.002 0.991 0.531 0.016 31.116 0.352 6.905 1.688 36.192 0.089 29.287 7.847 0.543 29.869 36.773 3.398 33.375 9.594 -0.012 1.247 -0.581000000000003 3.507 -4.088 -1.747
Sm Sm-2 Control 3 I3 0.0009996 0.995 0.541 0.012 31.198 0.255 7.066 1.226 36.175 0.062 29.109 7.763 0.543 29.869 36.773 3.398 33.375 9.594 -0.002 1.329 -0.598000000000006 3.668 -4.266 -1.831
Sm Sm-2 Control 4 I1 0.0007838 0.996 0.562 0.013 31.255 0.29 2.418 1.957 36.116 0.053 33.698 8.416 0.543 29.869 36.773 3.398 33.375 9.594 0.019 1.386 -0.657000000000004 -0.98 0.323 -1.178
Sm Sm-2 Control 4 I2 0.004 0.984 0.556 0.022 31.32 0.476 6.091 2.41 36.139 0.102 30.048 7.832 0.543 29.869 36.773 3.398 33.375 9.594 0.013 1.451 -0.634 2.693 -3.327 -1.762
Sm Sm-2 Control 4 I3 0.003 0.99 0.565 0.02 31.178 0.379 8.049 1.82 36.005 0.076 27.956 7.484 0.543 29.869 36.773 3.398 33.375 9.594 0.0219999999999999 1.309 -0.768000000000001 4.651 -5.419 -2.11
Sm Sm-2 Treatment 1 I1 0.0002644 0.991 0.356 0.011 30.01 1.158 15.037 5.748 41.866 2.413 26.829 10.902 0.543 29.869 36.773 3.398 33.375 9.594 -0.187 0.141000000000002 5.093 11.639 -6.546 1.308
Sm Sm-2 Treatment 1 I2 0.0002167 0.994 0.352 0.008 30.343 0.337 15.926 2.021 42.405 1.183 26.479 10.994 0.543 29.869 36.773 3.398 33.375 9.594 -0.191 0.474 5.632 12.528 -6.896 1.4
Sm Sm-2 Treatment 1 I3 0.0001084 0.996 0.358 0.007 29.646 0.814 14.949 4.523 41.682 1.452 26.733 11.013 0.543 29.869 36.773 3.398 33.375 9.594 -0.185 -0.222999999999999 4.909 11.551 -6.642 1.419
Sm Sm-2 Treatment 2 I1 0.0005877 0.987 0.411 0.017 29.938 1.381 15.606 5.776 41.232 2.516 25.626 10.396 0.543 29.869 36.773 3.398 33.375 9.594 -0.132 0.0689999999999991 4.459 12.208 -7.749 0.802000000000001
Sm Sm-2 Treatment 2 I2 0.0006041 0.987 0.396 0.012 29.144 0.482 17.7 1.003 40.589 0.922 22.889 10.238 0.543 29.869 36.773 3.398 33.375 9.594 -0.147 -0.725000000000001 3.816 14.302 -10.486 0.644
Sm Sm-2 Treatment 2 I3 0.0001939 0.995 0.393 0.007 29.434 0.282 17.475 2.86 41.393 0.649 23.918 10.723 0.543 29.869 36.773 3.398 33.375 9.594 -0.15 -0.434999999999999 4.62 14.077 -9.457 1.129
Sm Sm-2 Treatment 3 I1 0.0008006 0.974 0.369 0.014 30.934 0.716 10.183 3.832 39.708 1.674 29.525 9.858 0.543 29.869 36.773 3.398 33.375 9.594 -0.174 1.065 2.935 6.785 -3.85 0.264000000000001
Sm Sm-2 Treatment 3 I2 4.943e-06 0.999 0.359 0.002 31.961 0.107 8.705 0.612 40.658 0.388 31.953 9.909 0.543 29.869 36.773 3.398 33.375 9.594 -0.184 2.092 3.885 5.307 -1.422 0.315000000000001
Sm Sm-2 Treatment 3 I3 0.0005151 0.98 0.356 0.011 30.785 0.654 10.929 3.972 41.524 2.263 30.595 11.011 0.543 29.869 36.773 3.398 33.375 9.594 -0.187 0.916 4.751 7.531 -2.78 1.417
Sm Sm-2 Treatment 4 I1 9.301e-05 0.996 0.328 0.007 30.579 0.761 13.683 4.702 43.299 2.457 29.616 11.493 0.543 29.869 36.773 3.398 33.375 9.594 -0.215 0.710000000000001 6.526 10.285 -3.759 1.899
Sm Sm-2 Treatment 4 I2 2.446e-05 0.999 0.329 0.004 30.211 0.482 14.12 4.562 44.092 1.424 29.972 12.131 0.543 29.869 36.773 3.398 33.375 9.594 -0.214 0.341999999999999 7.319 10.722 -3.403 2.537
Sm Sm-2 Treatment 4 I3 0.0001155 0.993 0.315 0.008 29.809 1.265 15.715 7.804 43.903 2.803 28.188 12.496 0.543 29.869 36.773 3.398 33.375 9.594 -0.228 -0.0599999999999987 7.13 12.317 -5.187 2.902
Sp Sp-1 Ancestral Ancestral Ancestral 9.578e-05 0.999 0.558 0.006 32.146 0.152 3.264 1.148 40.097 1.14 36.833 9.32 0.558 32.146 40.097 3.264 36.833 9.32 0 0 0 0 0 0
Sp Sp-1 Control 1 I1 0.004 0.983 0.576 0.031 32.521 0.537 8.254 3.008 38.277 2.896 30.023 7.666 0.558 32.146 40.097 3.264 36.833 9.32 0.0179999999999999 0.375 -1.82 4.99 -6.81 -1.654
Sp Sp-1 Control 1 I2 0.003 0.981 0.515 0.026 32.704 0.838 8.131 3.808 40.969 6.018 32.838 8.246 0.558 32.146 40.097 3.264 36.833 9.32 -0.043 0.558 0.872 4.867 -3.995 -1.074
Sp Sp-1 Control 1 I3 0.002 0.986 0.505 0.022 31.936 0.507 7.824 2.548 38.097 1.942 30.273 8.315 0.558 32.146 40.097 3.264 36.833 9.32 -0.053 -0.210000000000001 -2 4.56 -6.56 -1.005
Sp Sp-1 Control 2 I1 0.002 0.992 0.601 0.022 32.67 0.351 7.686 1.944 37.496 1.474 29.81 7.292 0.558 32.146 40.097 3.264 36.833 9.32 0.0429999999999999 0.524000000000001 -2.601 4.422 -7.023 -2.028
Sp Sp-1 Control 2 I2 0.002 0.991 0.561 0.022 32.633 0.407 7.821 2.369 38.739 2.594 30.918 7.719 0.558 32.146 40.097 3.264 36.833 9.32 0.003 0.487000000000002 -1.358 4.557 -5.915 -1.601
Sp Sp-1 Control 2 I3 0.002 0.989 0.572 0.025 32.808 0.451 7.563 2.666 38.559 2.92 30.996 7.476 0.558 32.146 40.097 3.264 36.833 9.32 0.0139999999999999 0.661999999999999 -1.538 4.299 -5.837 -1.844
Sp Sp-1 Control 3 I1 0.002 0.991 0.576 0.022 32.709 0.386 7.362 2.085 37.132 1.34 29.77 7.158 0.558 32.146 40.097 3.264 36.833 9.32 0.0179999999999999 0.563000000000002 -2.965 4.098 -7.063 -2.162
Sp Sp-1 Control 3 I2 0.001 0.995 0.565 0.017 32.857 0.277 7.599 1.607 37.519 1.303 29.92 7.067 0.558 32.146 40.097 3.264 36.833 9.32 0.0069999999999999 0.710999999999999 -2.578 4.335 -6.913 -2.253
Sp Sp-1 Control 3 I3 0.002 0.989 0.576 0.026 32.907 0.408 7.89 2.355 37.482 1.934 29.592 6.953 0.558 32.146 40.097 3.264 36.833 9.32 0.0179999999999999 0.760999999999996 -2.615 4.626 -7.241 -2.367
Sp Sp-1 Control 4 I1 0.002 0.991 0.604 0.024 32.767 0.385 7.448 2.105 37.142 1.391 29.694 7.073 0.558 32.146 40.097 3.264 36.833 9.32 0.0459999999999999 0.621000000000002 -2.955 4.184 -7.139 -2.247
Sp Sp-1 Control 4 I2 0.002 0.989 0.58 0.024 32.593 0.423 7.515 2.303 37.451 1.662 29.936 7.403 0.558 32.146 40.097 3.264 36.833 9.32 0.0219999999999999 0.447000000000003 -2.646 4.251 -6.897 -1.917
Sp Sp-1 Control 4 I3 0.002 0.99 0.586 0.023 32.48 0.406 8.03 2.108 37.428 1.483 29.398 7.471 0.558 32.146 40.097 3.264 36.833 9.32 0.0279999999999999 0.333999999999996 -2.669 4.766 -7.435 -1.849
Sp Sp-1 Treatment 1 I1 0.0009667 0.995 0.532 0.017 33.566 0.26 8.243 1.571 36.832 1.242 28.589 5.915 0.558 32.146 40.097 3.264 36.833 9.32 -0.026 1.42 -3.265 4.979 -8.244 -3.405
Sp Sp-1 Treatment 1 I2 0.001 0.993 0.516 0.02 33.489 0.354 8.389 2.008 37.454 2.066 29.065 6.216 0.558 32.146 40.097 3.264 36.833 9.32 -0.042 1.343 -2.643 5.125 -7.768 -3.104
Sp Sp-1 Treatment 1 I3 0.001 0.992 0.513 0.02 33.193 0.384 8.771 2.101 38.109 2.434 29.338 6.708 0.558 32.146 40.097 3.264 36.833 9.32 -0.045 1.047 -1.988 5.507 -7.495 -2.612
Sp Sp-1 Treatment 2 I1 0.0008897 0.996 0.568 0.015 33.234 0.245 7.91 1.363 36.571 0.771 28.661 6.228 0.558 32.146 40.097 3.264 36.833 9.32 0.0099999999999999 1.088 -3.526 4.646 -8.172 -3.092
Sp Sp-1 Treatment 2 I2 0.002 0.988 0.523 0.025 33.2 0.56 9.613 2.587 38.797 3.669 29.184 6.808 0.558 32.146 40.097 3.264 36.833 9.32 -0.035 1.054 -1.3 6.349 -7.649 -2.512
Sp Sp-1 Treatment 2 I3 0.001 0.995 0.54 0.017 33.227 0.276 7.489 1.583 36.682 0.955 29.193 6.331 0.558 32.146 40.097 3.264 36.833 9.32 -0.018 1.081 -3.415 4.225 -7.64 -2.989
Sp Sp-1 Treatment 3 I1 0.001 0.995 0.532 0.018 33.36 0.306 9.203 1.676 37.692 1.832 28.489 6.328 0.558 32.146 40.097 3.264 36.833 9.32 -0.026 1.214 -2.405 5.939 -8.344 -2.992
Sp Sp-1 Treatment 3 I3 0.002 0.988 0.544 0.026 33.011 0.422 8.649 2.342 37.113 1.728 28.464 6.597 0.558 32.146 40.097 3.264 36.833 9.32 -0.014 0.865000000000002 -2.984 5.385 -8.369 -2.723
Sp Sp-1 Treatment 4 I1 0.002 0.991 0.537 0.022 33.177 0.359 8.382 2.047 36.944 1.457 28.562 6.373 0.558 32.146 40.097 3.264 36.833 9.32 -0.021 1.031 -3.153 5.118 -8.271 -2.947
Sp Sp-1 Treatment 4 I2 0.001 0.994 0.524 0.017 32.972 0.327 9.056 1.751 38.559 2.145 29.503 7.072 0.558 32.146 40.097 3.264 36.833 9.32 -0.034 0.826000000000001 -1.538 5.792 -7.33 -2.248
Sp Sp-1 Treatment 4 I3 0.0004954 0.997 0.475 0.011 33.008 0.222 8.592 1.112 36.269 0.451 27.677 6.296 0.558 32.146 40.097 3.264 36.833 9.32 -0.0830000000000001 0.862000000000002 -3.828 5.328 -9.156 -3.024
Sp Sp-2 Ancestral Ancestral Ancestral 0.002 0.979 0.417 0.018 32.896 1.03 -6.218 5.633 37.167 0.118 43.385 9.373 0.417 32.896 37.167 -6.218 43.385 9.373 0 0 0 0 0 0
Sp Sp-2 Control 1 I1 0.003 0.986 0.502 0.02 32.657 0.879 -4.309 4.807 37.001 0.05 41.31 9.171 0.417 32.896 37.167 -6.218 43.385 9.373 0.085 -0.239000000000004 -0.166000000000004 1.909 -2.075 -0.202
Sp Sp-2 Control 1 I2 0.003 0.987 0.515 0.106 33.261 0.748 0.285 5.416 34.782 5.458 34.497 5.752 0.417 32.896 37.167 -6.218 43.385 9.373 0.098 0.365000000000002 -2.38500000000001 6.503 -8.888 -3.621
Sp Sp-2 Control 1 I3 0.002 0.99 0.508 0.018 31.801 0.48 8.419 1.906 37.003 0.085 28.584 7.814 0.417 32.896 37.167 -6.218 43.385 9.373 0.091 -1.095 -0.164000000000001 14.637 -14.801 -1.559
Sp Sp-2 Control 2 I1 0.0005357 0.998 0.505 0.019 32.224 0.328 5.245 1.696 35.717 1.188 30.472 6.976 0.417 32.896 37.167 -6.218 43.385 9.373 0.088 -0.672000000000004 -1.45 11.463 -12.913 -2.397
Sp Sp-2 Control 2 I2 0.006 0.974 0.522 0.029 31.496 0.788 7.044 3.333 37.004 0.147 29.96 8.269 0.417 32.896 37.167 -6.218 43.385 9.373 0.105 -1.4 -0.163000000000004 13.262 -13.425 -1.104
Sp Sp-2 Control 2 I3 0.005 0.98 0.511 0.025 31.642 0.705 6.971 2.975 37.004 0.124 30.033 8.17 0.417 32.896 37.167 -6.218 43.385 9.373 0.094 -1.254 -0.163000000000004 13.189 -13.352 -1.203
Sp Sp-2 Control 3 I1 0.0007183 0.997 0.487 0.011 32.839 0.363 5.44 1.425 37.001 0.03 31.561 7.609 0.417 32.896 37.167 -6.218 43.385 9.373 0.07 -0.0570000000000022 -0.166000000000004 11.658 -11.824 -1.764
Sp Sp-2 Control 3 I2 0.001 0.993 0.48 0.014 32.683 0.481 5.895 1.912 37.001 0.046 31.106 7.67 0.417 32.896 37.167 -6.218 43.385 9.373 0.063 -0.213000000000001 -0.166000000000004 12.113 -12.279 -1.703
Sp Sp-2 Control 3 I3 0.004 0.979 0.476 0.028 33.364 1.068 4.121 3.906 37.001 0.056 32.88 7.45 0.417 32.896 37.167 -6.218 43.385 9.373 0.059 0.467999999999996 -0.166000000000004 10.339 -10.505 -1.923
Sp Sp-2 Control 4 I1 0.002 0.988 0.445 0.031 32.021 0.688 3.157 4.638 36.571 3.528 33.414 8.147 0.417 32.896 37.167 -6.218 43.385 9.373 0.028 -0.875 -0.596000000000004 9.375 -9.971 -1.226
Sp Sp-2 Control 4 I2 0.0007825 0.996 0.499 0.024 32.127 0.45 5.166 2.037 35.498 1.222 30.332 6.855 0.417 32.896 37.167 -6.218 43.385 9.373 0.082 -0.768999999999998 -1.669 11.384 -13.053 -2.518
Sp Sp-2 Control 4 I3 0.005 0.979 0.507 0.025 31.238 0.689 8.031 2.812 37.004 0.149 28.973 8.21 0.417 32.896 37.167 -6.218 43.385 9.373 0.09 -1.658 -0.163000000000004 14.249 -14.412 -1.163
Sp Sp-2 Treatment 1 I1 0.001 0.985 0.438 0.018 32.6 0.743 4.087 3.51 37.731 0.336 33.644 8.612 0.417 32.896 37.167 -6.218 43.385 9.373 0.021 -0.295999999999999 0.564 10.305 -9.741 -0.760999999999999
Sp Sp-2 Treatment 1 I2 0.0009198 0.993 0.438 0.011 31.647 0.397 9.104 1.415 37.933 0.224 28.829 8.491 0.417 32.896 37.167 -6.218 43.385 9.373 0.021 -1.249 0.765999999999998 15.322 -14.556 -0.882
Sp Sp-2 Treatment 1 I3 0.002 0.984 0.443 0.017 32.356 0.61 8.199 2.23 37.848 0.321 29.649 8.182 0.417 32.896 37.167 -6.218 43.385 9.373 0.026 -0.539999999999999 0.680999999999997 14.417 -13.736 -1.191
Sp Sp-2 Treatment 2 I1 0.007 0.942 0.445 0.032 31.442 1.151 9.609 3.915 38.621 1.041 29.012 9.007 0.417 32.896 37.167 -6.218 43.385 9.373 0.028 -1.454 1.454 15.827 -14.373 -0.366
Sp Sp-2 Treatment 2 I2 0.01 0.933 0.458 0.036 31.607 1.24 8.01 4.694 37.664 0.53 29.654 8.515 0.417 32.896 37.167 -6.218 43.385 9.373 0.041 -1.289 0.497 14.228 -13.731 -0.857999999999999
Sp Sp-2 Treatment 2 I3 0.003 0.975 0.468 0.023 32.584 0.805 7.8 2.95 37.887 0.449 30.087 8.157 0.417 32.896 37.167 -6.218 43.385 9.373 0.051 -0.311999999999998 0.719999999999999 14.018 -13.298 -1.216
Sp Sp-2 Treatment 3 I1 0.003 0.973 0.455 0.021 32.024 0.795 7.015 3.05 38.021 0.478 31.006 8.674 0.417 32.896 37.167 -6.218 43.385 9.373 0.038 -0.872 0.853999999999999 13.233 -12.379 -0.699
Sp Sp-2 Treatment 3 I2 0.004 0.974 0.467 0.025 32.684 0.876 6.003 3.41 37.335 0.206 31.332 7.926 0.417 32.896 37.167 -6.218 43.385 9.373 0.05 -0.212000000000003 0.167999999999999 12.221 -12.053 -1.447
Sp Sp-2 Treatment 3 I3 0.004 0.96 0.43 0.024 31.682 0.964 8.388 3.472 38.721 0.934 30.333 9.155 0.417 32.896 37.167 -6.218 43.385 9.373 0.013 -1.214 1.55399999999999 14.606 -13.052 -0.218
Sp Sp-2 Treatment 4 I1 0.003 0.976 0.446 0.021 32.482 0.816 5.194 3.308 37.518 0.269 32.324 8.357 0.417 32.896 37.167 -6.218 43.385 9.373 0.029 -0.414000000000001 0.350999999999999 11.412 -11.061 -1.016
Sp Sp-2 Treatment 4 I2 0.001 0.992 0.478 0.014 32.61 0.458 8.323 1.657 37.61 0.182 29.287 7.838 0.417 32.896 37.167 -6.218 43.385 9.373 0.061 -0.286000000000001 0.442999999999998 14.541 -14.098 -1.535
Sp Sp-2 Treatment 4 I3 0.002 0.986 0.444 0.015 31.762 0.561 7.684 2.121 37.85 0.287 30.166 8.596 0.417 32.896 37.167 -6.218 43.385 9.373 0.027 -1.134 0.683 13.902 -13.219 -0.776999999999999
Sc Sc-1 Ancestral Ancestral Ancestral 0.011 0.949 0.678 0.036 34.663 1.127 1.267 5.976 41.105 0.677 39.838 10.406 0.678 34.663 41.105 1.267 39.838 10.406 0 0 0 0 0 0
Sc Sc-1 Control 1 I1 0.005 0.985 0.72 0.021 33.166 0.526 9.465 1.808 41.659 0.454 32.194 10.224 0.678 34.663 41.105 1.267 39.838 10.406 0.0419999999999999 -1.497 0.554000000000002 8.198 -7.644 -0.182
Sc Sc-1 Control 1 I2 0.003 0.991 0.69 0.016 32.133 0.405 11.149 1.241 41.879 0.381 30.73 10.559 0.678 34.663 41.105 1.267 39.838 10.406 0.0119999999999999 -2.52999999999999 0.774000000000001 9.882 -9.108 0.152999999999999
Sc Sc-1 Control 1 I3 0.004 0.988 0.701 0.019 32.452 0.487 11.46 1.479 42.667 0.615 31.207 10.904 0.678 34.663 41.105 1.267 39.838 10.406 0.0229999999999999 -2.211 1.562 10.193 -8.631 0.497999999999999
Sc Sc-1 Control 2 I1 0.009 0.972 0.664 0.028 33.784 0.729 9.818 2.518 41.661 0.65 31.843 9.851 0.678 34.663 41.105 1.267 39.838 10.406 -0.014 -0.878999999999998 0.556000000000004 8.551 -7.995 -0.555
Sc Sc-1 Control 2 I2 0.005 0.983 0.658 0.021 33.023 0.558 9.985 1.866 41.761 0.507 31.776 10.265 0.678 34.663 41.105 1.267 39.838 10.406 -0.02 -1.63999999999999 0.656000000000006 8.718 -8.062 -0.141
Sc Sc-1 Control 2 I3 0.002 0.993 0.703 0.014 32.663 0.39 8.169 1.549 41.724 0.332 33.555 10.776 0.678 34.663 41.105 1.267 39.838 10.406 0.0249999999999999 -2 0.619 6.902 -6.283 0.369999999999999
Sc Sc-1 Control 3 I1 0.005 0.984 0.646 0.021 34.438 0.557 8.6 2.043 41.292 0.405 32.692 9.483 0.678 34.663 41.105 1.267 39.838 10.406 -0.032 -0.224999999999994 0.187000000000005 7.333 -7.146 -0.923
Sc Sc-1 Control 3 I2 0.006 0.98 0.639 0.023 33.225 0.622 10.38 2.053 41.972 0.629 31.592 10.243 0.678 34.663 41.105 1.267 39.838 10.406 -0.039 -1.438 0.867000000000004 9.113 -8.246 -0.163
Sc Sc-1 Control 3 I3 0.002 0.993 0.664 0.014 33.625 0.36 10.341 1.214 41.813 0.347 31.472 9.959 0.678 34.663 41.105 1.267 39.838 10.406 -0.014 -1.038 0.708000000000006 9.074 -8.366 -0.447000000000001
Sc Sc-1 Control 4 I1 0.005 0.986 0.664 0.021 33.955 0.519 9.525 1.843 41.245 0.363 31.72 9.513 0.678 34.663 41.105 1.267 39.838 10.406 -0.014 -0.707999999999998 0.140000000000001 8.258 -8.118 -0.893000000000001
Sc Sc-1 Control 4 I2 0.006 0.98 0.66 0.023 33.544 0.615 9.697 2.109 41.831 0.589 32.134 10.144 0.678 34.663 41.105 1.267 39.838 10.406 -0.018 -1.119 0.726000000000006 8.43 -7.704 -0.262
Sc Sc-1 Control 4 I3 0.01 0.96 0.618 0.03 33.214 0.902 9.658 3.047 42.562 1.142 32.904 10.785 0.678 34.663 41.105 1.267 39.838 10.406 -0.0600000000000001 -1.449 1.457 8.391 -6.934 0.379
Sc Sc-1 Treatment 1 I1 0.005 0.977 0.611 0.023 34.214 0.685 7.393 2.589 41.94 0.712 34.547 10.255 0.678 34.663 41.105 1.267 39.838 10.406 -0.0670000000000001 -0.448999999999998 0.835000000000001 6.126 -5.291 -0.151
Sc Sc-1 Treatment 1 I2 0.003 0.987 0.619 0.017 34.065 0.512 7.876 1.899 41.961 0.533 34.085 10.255 0.678 34.663 41.105 1.267 39.838 10.406 -0.0590000000000001 -0.597999999999999 0.856000000000002 6.609 -5.753 -0.151
Sc Sc-1 Treatment 1 I3 0.005 0.983 0.637 0.021 33.841 0.591 8.648 2.118 42.206 0.68 33.558 10.409 0.678 34.663 41.105 1.267 39.838 10.406 -0.041 -0.821999999999996 1.10100000000001 7.381 -6.28 0.00300000000000011
Sc Sc-1 Treatment 2 I1 0.006 0.978 0.64 0.024 33.773 0.672 9.807 2.304 42.646 0.929 32.839 10.538 0.678 34.663 41.105 1.267 39.838 10.406 -0.038 -0.889999999999993 1.541 8.54 -6.999 0.132
Sc Sc-1 Treatment 2 I2 0.004 0.985 0.626 0.019 34.239 0.555 8.632 2.011 42.306 0.696 33.674 10.282 0.678 34.663 41.105 1.267 39.838 10.406 -0.052 -0.423999999999999 1.201 7.365 -6.164 -0.124000000000001
Sc Sc-1 Treatment 2 I3 0.003 0.988 0.652 0.018 34.674 0.493 7.874 1.844 41.455 0.405 33.581 9.579 0.678 34.663 41.105 1.267 39.838 10.406 -0.026 0.0110000000000028 0.350000000000001 6.607 -6.257 -0.827
Sc Sc-1 Treatment 3 I1 0.003 0.987 0.589 0.018 34.478 0.534 8.185 1.978 42.24 0.668 34.055 10.219 0.678 34.663 41.105 1.267 39.838 10.406 -0.0890000000000001 -0.184999999999995 1.13500000000001 6.918 -5.783 -0.187000000000001
Sc Sc-1 Treatment 3 I2 0.002 0.991 0.592 0.015 34.559 0.443 9.009 1.595 42.028 0.507 33.019 9.878 0.678 34.663 41.105 1.267 39.838 10.406 -0.0860000000000001 -0.103999999999999 0.923000000000002 7.742 -6.819 -0.528
Sc Sc-1 Treatment 3 I3 0.002 0.989 0.495 0.018 33.066 0.648 11.168 1.782 43.503 0.96 32.335 11.194 0.678 34.663 41.105 1.267 39.838 10.406 -0.183 -1.59699999999999 2.398 9.901 -7.503 0.788
Sc Sc-1 Treatment 4 I1 0.004 0.983 0.604 0.021 34.728 0.608 8.401 2.248 42.172 0.762 33.771 9.972 0.678 34.663 41.105 1.267 39.838 10.406 -0.0740000000000001 0.0650000000000048 1.067 7.134 -6.067 -0.434000000000001
Sc Sc-1 Treatment 4 I2 0.004 0.983 0.584 0.02 34.49 0.601 7.881 2.245 42.055 0.687 34.174 10.137 0.678 34.663 41.105 1.267 39.838 10.406 -0.0940000000000001 -0.172999999999995 0.950000000000003 6.614 -5.664 -0.269
Sc Sc-1 Treatment 4 I3 0.004 0.986 0.62 0.019 34.231 0.545 9.281 1.94 42.604 0.78 33.323 10.375 0.678 34.663 41.105 1.267 39.838 10.406 -0.0580000000000001 -0.431999999999995 1.499 8.014 -6.515 -0.0310000000000006
Sc Sc-2 Ancestral Ancestral Ancestral 0.013 0.949 0.743 0.036 34.424 1.068 1.583 5 42.019 1.147 40.436 11.21 0.743 34.424 42.019 1.583 40.436 11.21 0 0 0 0 0 0
Sc Sc-2 Control 1 I1 0.003 0.992 0.762 0.016 34.392 0.402 5.973 1.608 41.269 0.279 35.296 9.932 0.743 34.424 42.019 1.583 40.436 11.21 0.019 -0.0319999999999965 -0.75 4.39 -5.14 -1.278
Sc Sc-2 Control 1 I2 0.004 0.987 0.777 0.021 33.241 0.528 6.613 2.298 41.643 0.436 35.03 10.701 0.743 34.424 42.019 1.583 40.436 11.21 0.034 -1.183 -0.375999999999998 5.03 -5.406 -0.509
Sc Sc-2 Control 1 I3 0.000587 0.998 0.76 0.009 34.424 0.21 5.641 0.991 41.205 0.139 35.564 9.926 0.743 34.424 42.019 1.583 40.436 11.21 0.017 0 -0.814 4.058 -4.872 -1.284
Sc Sc-2 Control 2 I1 0.0003284 0.999 0.745 0.009 34.342 0.22 3.529 1.09 41.11 0.126 37.581 10.24 0.743 34.424 42.019 1.583 40.436 11.21 0.002 -0.0820000000000007 -0.908999999999999 1.946 -2.855 -0.970000000000001
Sc Sc-2 Control 2 I2 0.002 0.992 0.749 0.016 33.965 0.382 10.11 1.69 41.803 0.365 31.693 9.795 0.743 34.424 42.019 1.583 40.436 11.21 0.00600000000000001 -0.458999999999996 -0.216000000000001 8.527 -8.743 -1.415
Sc Sc-2 Control 2 I3 0.01 0.974 0.765 0.029 33.28 0.708 8.87 2.487 41.943 0.696 33.073 10.482 0.743 34.424 42.019 1.583 40.436 11.21 0.022 -1.144 -0.0760000000000005 7.287 -7.363 -0.728000000000002
Sc Sc-2 Control 3 I1 0.005 0.986 0.73 0.022 34.5 0.53 6.915 2.055 41.221 0.361 34.306 9.694 0.743 34.424 42.019 1.583 40.436 11.21 -0.013 0.0760000000000005 -0.798000000000002 5.332 -6.13 -1.516
Sc Sc-2 Control 3 I2 0.006 0.981 0.72 0.025 34.31 0.619 7.525 2.337 41.614 0.543 34.089 9.954 0.743 34.424 42.019 1.583 40.436 11.21 -0.023 -0.113999999999997 -0.405000000000001 5.942 -6.347 -1.256
Sc Sc-2 Control 3 I3 0.005 0.986 0.738 0.023 34.364 0.541 8.427 1.979 42.012 0.599 33.585 10.058 0.743 34.424 42.019 1.583 40.436 11.21 -0.005 -0.0600000000000023 -0.0069999999999979 6.844 -6.851 -1.152
Sc Sc-2 Control 4 I1 0.002 0.993 0.767 0.018 35.305 0.42 5.74 1.957 40.9 0.226 35.16 9.126 0.743 34.424 42.019 1.583 40.436 11.21 0.024 0.881 -1.119 4.157 -5.276 -2.084
Sc Sc-2 Control 4 I2 0.007 0.982 0.748 0.026 34.571 0.603 7.705 2.277 41.232 0.419 33.527 9.519 0.743 34.424 42.019 1.583 40.436 11.21 0.005 0.146999999999998 -0.786999999999999 6.122 -6.909 -1.691
Sc Sc-2 Control 4 I3 0.005 0.985 0.769 0.025 35.029 0.611 5.162 2.9 41.082 0.382 35.92 9.515 0.743 34.424 42.019 1.583 40.436 11.21 0.026 0.605000000000004 -0.936999999999998 3.579 -4.516 -1.695
Sc Sc-2 Treatment 1 I1 0.002 0.994 0.731 0.015 34.512 0.357 6.824 1.636 41.235 0.247 34.411 9.715 0.743 34.424 42.019 1.583 40.436 11.21 -0.012 0.088000000000001 -0.783999999999999 5.241 -6.025 -1.495
Sc Sc-2 Treatment 1 I2 0.004 0.984 0.66 0.02 34.454 0.575 5.61 2.327 41.282 0.403 35.672 9.977 0.743 34.424 42.019 1.583 40.436 11.21 -0.083 0.0300000000000011 -0.737000000000002 4.027 -4.764 -1.233
Sc Sc-2 Treatment 1 I3 0.003 0.992 0.723 0.016 34.03 0.393 8.22 1.446 41.57 0.332 33.35 9.935 0.743 34.424 42.019 1.583 40.436 11.21 -0.02 -0.393999999999998 -0.448999999999998 6.637 -7.086 -1.275
Sc Sc-2 Treatment 2 I1 0.005 0.984 0.683 0.021 34.065 0.562 6.564 2.208 41.317 0.399 34.753 10.023 0.743 34.424 42.019 1.583 40.436 11.21 -0.0599999999999999 -0.359000000000002 -0.701999999999998 4.981 -5.683 -1.187
Sc Sc-2 Treatment 2 I2 0.002 0.992 0.669 0.014 33.971 0.391 7.686 1.469 41.486 0.311 33.8 10.001 0.743 34.424 42.019 1.583 40.436 11.21 -0.074 -0.453000000000003 -0.533000000000001 6.103 -6.636 -1.209
Sc Sc-2 Treatment 2 I3 0.004 0.985 0.641 0.019 34.484 0.557 6.121 2.216 41.233 0.379 35.112 9.843 0.743 34.424 42.019 1.583 40.436 11.21 -0.102 0.0600000000000023 -0.786000000000001 4.538 -5.324 -1.367
Sc Sc-2 Treatment 3 I1 0.003 0.99 0.716 0.018 34.543 0.45 7.798 1.685 41.587 0.398 33.789 9.783 0.743 34.424 42.019 1.583 40.436 11.21 -0.027 0.119 -0.431999999999995 6.215 -6.647 -1.427
Sc Sc-2 Treatment 3 I2 0.003 0.991 0.708 0.017 34.073 0.414 8.841 1.485 41.8 0.401 32.959 9.966 0.743 34.424 42.019 1.583 40.436 11.21 -0.035 -0.350999999999999 -0.219000000000001 7.258 -7.477 -1.244
Sc Sc-2 Treatment 3 I3 0.006 0.969 0.629 0.025 32.924 0.837 6.519 3.505 42.196 0.867 35.677 11.256 0.743 34.424 42.019 1.583 40.436 11.21 -0.114 -1.5 0.177 4.936 -4.759 0.0459999999999994
Sc Sc-2 Treatment 4 I1 0.014 0.952 0.67 0.036 34.21 0.984 6.986 3.788 41.511 0.801 34.525 10.018 0.743 34.424 42.019 1.583 40.436 11.21 -0.073 -0.213999999999999 -0.507999999999996 5.403 -5.911 -1.192
Sc Sc-2 Treatment 4 I2 0.003 0.989 0.648 0.016 34.291 0.462 5.937 1.844 41.596 0.395 35.659 10.223 0.743 34.424 42.019 1.583 40.436 11.21 -0.095 -0.133000000000003 -0.423000000000002 4.354 -4.777 -0.987
Sc Sc-2 Treatment 4 I3 0.008 0.97 0.652 0.026 33.406 0.785 8.141 2.85 42.696 1.048 34.555 11.084 0.743 34.424 42.019 1.583 40.436 11.21 -0.091 -1.018 0.677 6.558 -5.881 -0.126000000000001
Sc Sc Ancestral Ancestral Ancestral 0.0009743 0.997 0.61 0.01 33.506 0.351 1.865 1.837 40.001 0.054 38.136 10.192 0.61 33.506 40.001 1.865 38.136 10.192 0 0 0 0 0 0
Sc Sc Control 1 I1 0.004 0.987 0.696 0.041 33.735 0.662 8.566 3.089 38.495 2.47 29.929 7.22 0.61 33.506 40.001 1.865 38.136 10.192 0.086 0.228999999999999 -1.506 6.701 -8.207 -2.972
Sc Sc Control 1 I2 0.007 0.975 0.673 0.042 33.55 0.721 8.41 3.728 39.796 3.922 31.386 7.902 0.61 33.506 40.001 1.865 38.136 10.192 0.0630000000000001 0.0439999999999969 -0.204999999999998 6.545 -6.75 -2.29
Sc Sc Control 1 I3 0.007 0.976 0.66 0.04 33.35 0.746 9.238 3.583 40.495 4.313 31.257 8.214 0.61 33.506 40.001 1.865 38.136 10.192 0.05 -0.155999999999999 0.494 7.373 -6.879 -1.978
Sc Sc Control 2 I1 0.007 0.977 0.647 0.036 32.873 0.848 10.647 3.331 42.46 5.227 31.813 9.092 0.61 33.506 40.001 1.865 38.136 10.192 0.037 -0.633000000000003 2.459 8.782 -6.323 -1.1
Sc Sc Control 2 I2 0.006 0.982 0.671 0.035 33.238 0.727 10.888 2.889 41.608 4.406 30.72 8.412 0.61 33.506 40.001 1.865 38.136 10.192 0.0610000000000001 -0.268000000000001 1.607 9.023 -7.416 -1.78
Sc Sc Control 2 I3 0.013 0.96 0.675 0.048 33.244 1.508 10.926 4.649 43.721 9.044 32.795 8.983 0.61 33.506 40.001 1.865 38.136 10.192 0.0650000000000001 -0.262 3.72 9.061 -5.341 -1.209
Sc Sc Control 3 I1 0.007 0.977 0.659 0.04 34.038 0.882 8.967 3.757 40.482 5.324 31.515 7.433 0.61 33.506 40.001 1.865 38.136 10.192 0.049 0.531999999999996 0.481000000000002 7.102 -6.621 -2.759
Sc Sc Control 3 I2 0.007 0.972 0.604 0.034 33.874 1.733 9.959 4.417 44.309 9.695 34.35 8.577 0.61 33.506 40.001 1.865 38.136 10.192 -0.00600000000000001 0.368000000000002 4.308 8.094 -3.786 -1.615
Sc Sc Control 3 I3 0.002 0.992 0.648 0.024 34.074 0.54 8.284 2.377 40.426 3.281 32.142 7.469 0.61 33.506 40.001 1.865 38.136 10.192 0.038 0.567999999999998 0.425000000000004 6.419 -5.994 -2.723
Sc Sc Control 4 I1 0.006 0.979 0.653 0.041 34.021 0.624 7.876 3.449 38.513 2.829 30.637 6.956 0.61 33.506 40.001 1.865 38.136 10.192 0.043 0.515000000000001 -1.488 6.011 -7.499 -3.236
Sc Sc Control 4 I2 0.002 0.992 0.654 0.024 34.119 0.484 8.393 2.252 39.988 2.909 31.595 7.263 0.61 33.506 40.001 1.865 38.136 10.192 0.044 0.613 -0.0129999999999981 6.528 -6.541 -2.929
Sc Sc Control 4 I3 0.006 0.976 0.633 0.036 33.666 0.883 7.267 4.286 41.107 5.673 33.84 8.308 0.61 33.506 40.001 1.865 38.136 10.192 0.023 0.159999999999997 1.106 5.402 -4.296 -1.884
Sc Sc Treatment 1 I1 0.007 0.974 0.624 0.038 33.264 0.976 10.495 3.669 42.267 6.047 31.772 8.626 0.61 33.506 40.001 1.865 38.136 10.192 0.014 -0.241999999999997 2.26600000000001 8.63 -6.364 -1.566
Sc Sc Treatment 1 I2 0.006 0.981 0.643 0.034 33.944 0.996 10.16 3.329 41.737 5.865 31.577 7.746 0.61 33.506 40.001 1.865 38.136 10.192 0.033 0.438000000000002 1.736 8.295 -6.559 -2.446
Sc Sc Treatment 1 I3 0.005 0.982 0.635 0.026 34.542 2.39 10.681 3.688 47.106 11.01 36.425 8.498 0.61 33.506 40.001 1.865 38.136 10.192 0.025 1.036 7.105 8.816 -1.71100000000001 -1.694
Sc Sc Treatment 2 I1 0.004 0.974 0.506 0.03 33.112 0.791 9.017 3.783 41.012 4.692 31.995 8.655 0.61 33.506 40.001 1.865 38.136 10.192 -0.104 -0.393999999999998 1.011 7.152 -6.141 -1.537
Sc Sc Treatment 2 I2 0.002 0.989 0.456 0.018 35.598 2.852 9.121 3.496 45.43 11.458 36.309 7.082 0.61 33.506 40.001 1.865 38.136 10.192 -0.154 2.092 5.429 7.256 -1.82700000000001 -3.11
Sc Sc Treatment 2 I3 0.001 0.991 0.454 0.018 34.026 0.401 7.215 2.193 38.164 1.54 30.949 6.91 0.61 33.506 40.001 1.865 38.136 10.192 -0.156 0.520000000000003 -1.837 5.35 -7.187 -3.282
Sc Sc Treatment 3 I1 0.004 0.971 0.47 0.03 32.893 0.789 8.959 3.823 40.469 4.076 31.51 8.757 0.61 33.506 40.001 1.865 38.136 10.192 -0.14 -0.613 0.468000000000004 7.094 -6.626 -1.435
Sc Sc Treatment 3 I2 0.002 0.988 0.53 0.021 34.265 1.256 10.061 2.929 43.478 6.638 33.417 7.896 0.61 33.506 40.001 1.865 38.136 10.192 -0.08 0.759 3.477 8.196 -4.719 -2.296
Sc Sc Treatment 3 I3 0.006 0.961 0.509 0.038 33.59 0.881 5.468 5.126 38.99 3.918 33.522 7.99 0.61 33.506 40.001 1.865 38.136 10.192 -0.101 0.0840000000000032 -1.011 3.603 -4.614 -2.202
Sc Sc Treatment 4 I1 0.003 0.988 0.654 0.03 34.043 0.473 5.818 2.724 38.171 1.853 32.353 7.069 0.61 33.506 40.001 1.865 38.136 10.192 0.044 0.536999999999999 -1.83 3.953 -5.783 -3.123
Sc Sc Treatment 4 I2 0.003 0.976 0.485 0.04 32.468 1.312 8.933 4.847 38.824 8.354 29.891 6.793 0.61 33.506 40.001 1.865 38.136 10.192 -0.125 -1.038 -1.177 7.068 -8.245 -3.399
Sc Sc Treatment 4 I3 0.002 0.986 0.478 0.032 32.591 1.075 10.655 3.354 38.733 6.441 28.078 6.376 0.61 33.506 40.001 1.865 38.136 10.192 -0.132 -0.914999999999999 -1.268 8.79 -10.058 -3.816
